   0.000  175.5090142          3132    4.8667477    0.3304491
   0.033  145.0420294          4762    3.4372576   20.1630330
   0.067  119.3172433          9487    2.3208679   45.4638333
   0.100   90.4586667         14003    1.7643107   75.4210013
   0.133   67.9983294         17995    1.5194084  101.0525678
   0.167   48.8056059         21731    1.3276939  119.7236387
   0.200   31.0540649         25167    1.1697843  136.0205227
   0.233   18.0402674         28540    1.0828989  149.8441578
   0.267    9.7545766         31919    1.0251811  161.7339020
   0.300   -0.9427696         34284    0.9724185  172.8230656
   0.333   -5.3365265         37211    0.9719002  180.7626924
   0.367   -9.7985266         40028    0.9305281  185.4458089
   0.400  -12.6113241         42440    0.9090550  188.4281650
   0.433  -14.9398883         45270    0.9084566  192.5652150
   0.467  -18.5415714         46908    0.9074147  198.5746940
   0.500  -18.1187563         49275    0.8885282  198.9107760
   0.533  -20.4032011         51364    0.8670203  202.3499113
   0.567  -17.7504261         52978    0.8468742  199.7271325
   0.600  -18.0634980         55026    0.8231587  201.7406351
   0.633  -17.7919773         56454    0.8022042  203.7568240
   0.000  175.5090142          3132    4.8667477    0.3304491
   0.050  127.9144383         14249    1.9280552   37.0083339
   0.117   77.8274470         31998    1.1533073   89.8356534
   0.183   39.2795486         46898    0.8798867  128.4690794
   0.250   13.6658820         60459    0.7446655  156.1212835
   0.317   -3.2295881         71495    0.6880255  176.9554029
   0.383  -11.2460593         82468    0.6502838  186.9806005
   0.450  -16.7727307         92178    0.6421197  195.6233486
   0.517  -19.2846882        100639    0.6205521  200.6660373
   0.583  -17.9099303        108004    0.5902910  200.7529741
   0.000  175.5090142          3132    4.8667477    0.3304491
   0.083   93.2595732         46247    1.0005906   73.5592144
   0.217   24.8549963        107357    0.5701826  144.0416514
   0.350   -7.5234921        153963    0.4727606  182.3252515
   0.483  -18.0838231        192817    0.4462557  198.2553320