       9025  32.33370 -106.79410  1191.1   -0.9141    0.0000   -0.9557    0.0574
       8929  32.36370 -106.75110  1311.7   -0.7341    0.0000   -0.8522    0.0570
       8734  31.80160 -106.30740  1215.3   -0.8719    0.0000   -0.8650    0.0885
       8138  32.27730 -106.90320  1318.0   -0.9436    0.0000   -0.8382    0.0617
       8134  32.40040 -106.34250  1228.2   -0.7851    0.0000   -0.8774    0.0587
       7830  32.40030 -106.33340  1231.4   -0.7791    0.0000   -0.8706    0.0591
       6894  34.41830 -106.84020  1446.1   -0.8593    0.0000   -0.9615    0.0772
       6646  31.76990 -106.41220  1130.4   -0.8960    0.0000   -0.9036    0.0971
       6645  31.77080 -106.41410  1132.3   -0.8740    0.0000   -0.8848    0.0969
       5670  32.29100 -106.92220  1354.6   -0.9261    0.0000   -0.8340    0.0612
       5315  33.68200 -105.85240  1662.0   -0.6413    0.0000   -0.7877    0.0627
       4121  32.27740 -106.76810  1183.1   -0.8776    0.0000   -0.9447    0.0591
       3950  32.32030 -106.80820  1188.3   -0.9462    0.0000   -0.9525    0.0579
       3122  31.89180 -106.59610  1147.4   -0.6328    0.0000   -0.8345    0.0810
       2999  32.85990 -105.99860  1278.3   -1.2675    0.0000   -0.9565    0.0584
       2173  32.86170 -107.28970  1276.9   -1.0840    0.0000   -0.8900    0.0649
       2145  32.40090 -106.36180  1219.7   -0.7865    0.0000   -0.8826    0.0579
       1347  32.84640 -105.98220  1279.0   -1.1987    0.0000   -0.9023    0.0583
       1301  33.23850 -107.26550  1467.7   -0.9613    0.0000   -0.8369    0.0660
        395  32.29890 -106.80610  1187.0   -0.9663    0.0000   -0.9618    0.0585
