      9025   32.333700  -106.794100    1191.1   -0.9275   -0.8712    0.0491
      8929   32.363700  -106.751100    1311.7   -0.7764   -0.7844    0.0483
      8734   31.801600  -106.307400    1215.3   -0.9404   -0.8215    0.0399
      8138   32.277300  -106.903200    1318.0   -0.8885   -0.7269    0.0551
      8134   32.400400  -106.342500    1228.2   -0.9506   -0.9406    0.0511
      7830   32.400300  -106.333400    1231.4   -0.9446   -0.9324    0.0519
      6894   34.418300  -106.840200    1446.1   -1.1113   -1.1252    0.0705
      6646   31.769900  -106.412200    1130.4   -0.9271   -0.8267    0.0486
      6645   31.770800  -106.414100    1132.3   -0.9050   -0.8079    0.0485
      5670   32.291000  -106.922200    1354.6   -0.8664   -0.7137    0.0541
      5315   33.682000  -105.852400    1662.0   -0.7312   -0.8750    0.0621
      4121   32.277400  -106.768100    1183.1   -0.8913   -0.8465    0.0492
      3950   32.320300  -106.808200    1188.3   -0.9489   -0.8677    0.0485
      3122   31.891800  -106.596100    1147.4   -0.6474   -0.7427    0.0442
      2999   32.859900  -105.998600    1278.3   -1.2311   -0.9085    0.0651
      2173   32.861700  -107.289700    1276.9   -1.1830   -0.9171    0.0530
      2145   32.400900  -106.361800    1219.7   -0.9514   -0.9486    0.0501
      1347   32.846400  -105.982200    1279.0   -1.1599   -0.8550    0.0635
      1301   33.238500  -107.265500    1467.7   -1.1130   -0.8820    0.0549
       395   32.298900  -106.806100    1187.0   -0.9647   -0.8742    0.0477
