      3893   32.169100  -107.469900    1239.0  -12.3461   -2.0297    5.8222
      3955   32.386600  -107.466600    1326.0   11.9876   -2.4097    5.5758
      5480   32.563800  -107.464600    1426.0   13.3656    9.0183    6.3890
      5486   32.574800  -107.420900    1429.0    8.8801    1.3349    4.0525
      5467   32.531600  -107.486600    1415.0   14.0565   10.6661    5.7546
      5558   32.742300  -107.467600    1498.0   -0.7534   -3.0090    4.2133
      5557   32.735900  -107.419100    1458.0   -3.7267   -2.5752    3.8314
      5541   32.689900  -107.454900    1457.0   -2.9773   -6.2313    6.1917
      5548   32.711600  -107.443300    1467.0   -3.7744   -6.5552    4.8478
      5626   32.906600  -107.438300    1410.0  -18.4187   -0.7026    3.8643
      5612   32.883300  -107.488300    1549.0    2.0316   -2.1474    4.6462
      5611   32.883300  -107.443300    1498.0  -17.4194   -3.8952    4.5034
      5605   32.838300  -107.469900    1523.0   -2.5274   -3.1328    5.0722
      5604   32.836600  -107.439900    1453.0  -12.1620   -2.2220    4.3556
      6844   33.224900  -107.489900    1672.0    4.3697    6.4182    6.1672
      6850   33.234400  -107.462800    1634.0   -5.1262    2.1661    5.5070
      6842   33.229800  -107.419100    1575.0  -14.3787    0.8911    3.8396
      6831   33.194900  -107.459900    1609.0   -1.3862    9.1524    7.3647
      6830   33.196900  -107.442300    1573.0   -7.7573    5.4949    6.7535
      6826   33.174900  -107.423300    1542.0  -11.9805    5.1803    7.0269
      6888   33.394900  -107.497100    1822.0    8.5399   -3.4199    4.1809
      6887   33.393300  -107.449900    1597.0   -3.6999   -7.7086    6.6797
      6881   33.355400  -107.455600    1671.0   -1.2317   -3.2321    6.1515
      6880   33.353300  -107.421600    1637.0   -9.1780   -5.8893    7.2377
      6877   33.340300  -107.472800    1723.0    2.9730   -0.3676    4.2544
      7875   33.515800  -107.471300    2062.0    0.5670   -0.5833    5.4597
      7874   33.503600  -107.421100    2115.0    7.3592    8.3947    6.1815
      7911   33.724600  -107.493800    2219.0    6.5434    4.5194    5.0804
      7903   33.669400  -107.487800    2616.0    0.4855   -1.6674    4.2629
      7943   33.880400  -107.485400    3083.0   -5.9997   -2.5913    3.1029
      8796   34.080300  -107.479400    2156.0    5.9034    0.2855    3.4367
      8795   34.073600  -107.438100    2168.0   12.1345    4.0861    3.6363
      8790   34.046400  -107.467900    2142.0    6.0896    1.0896    4.2665
      8784   34.003300  -107.437400    2139.0   13.0223    2.0596    3.3473
      8825   34.233300  -107.446100    2202.0    8.9740    9.9022    4.3744
      8819   34.188900  -107.484900    2366.0    0.5019    1.1922    4.0583
      8818   34.191600  -107.444900    2274.0    6.4103    6.3837    4.5713
      8853   34.398600  -107.489300    1908.0   12.3895    1.4816    4.3529
      8852   34.386800  -107.431300    1876.0   15.6573    3.3921    4.9536
      8846   34.340900  -107.487400    2020.0    3.1158    0.3511    3.3710
      3881   32.091600  -107.386600    1222.0   -7.1374   -2.7262    8.9723
      3966   32.456600  -107.371600    1416.0    6.8925    1.7871    7.2103
      3959   32.418300  -107.334900    1401.0    2.1167    1.9382    9.0550
      5524   32.651600  -107.354900    1400.0   -1.2975    0.7716    5.0094
      5516   32.637400  -107.368300    1395.0    2.3247    1.9022    6.3303
      5514   32.643300  -107.336600    1283.0   -3.7598   -1.8208    4.8268
      5500   32.608300  -107.388300    1403.0    8.1377    3.3137    5.9630
      5578   32.791600  -107.413300    1408.0  -11.7438   -0.6371    3.7321
      5587   32.813300  -107.383300    1332.0  -12.8726    5.5691    4.4191
      5571   32.780800  -107.406600    1396.0   -8.4400    1.9048    4.3841
      5647   32.972100  -107.388900    1438.0  -31.0882   -0.5732    5.6832
      5646   32.969900  -107.371600    1419.0  -32.7325   -0.7601    5.4758
      6820   33.156600  -107.398300    1514.0  -17.5169    3.1744    7.5005
      6812   33.126600  -107.368300    1473.0  -23.1710    2.3816    8.2525
      6800   33.093300  -107.354900    1359.0  -28.0951    2.7596    8.1584
      6804   33.104900  -107.338300    1435.0  -29.3114   -0.0263    6.5993
      6875   33.333100  -107.394800    1600.0  -13.3909   -3.9100    7.0684
      6865   33.289900  -107.399900    1595.0  -15.3268   -0.5886    5.2059
      6871   33.304900  -107.354900    1550.0  -19.0837   -3.7043    4.8131
      6862   33.276400  -107.337100    1538.0  -15.2995   -1.3969    4.2551
      6898   33.489100  -107.359400    2002.0   -3.8745   -1.1123    4.4080
      6892   33.445100  -107.408800    1814.0    7.8498    6.4643    6.5711
      7927   33.810900  -107.374600    2023.0    3.1098    3.1652    4.6859
      7918   33.761600  -107.394900    2163.0    2.3532    1.1090    3.9885
      7917   33.763900  -107.337400    1906.0    4.4564    2.1617    4.2990
      7958   33.979400  -107.393300    2070.0   10.0049    1.1532    3.4247
      7950   33.920400  -107.400100    2140.0    0.3760   -1.2230    2.9755
      7953   33.942900  -107.357400    2010.0    1.6724    0.5356    3.6087
      8812   34.161900  -107.390900    2161.0   -0.8396   -2.5975    4.1380
      8811   34.151100  -107.346300    2077.0    2.7563   -1.3977    4.7777
      8803   34.114300  -107.373300    2122.0    0.3999   -4.7141    4.6351
      8839   34.324300  -107.379600    2020.0    7.2197    0.8813    4.2501
      8834   34.286300  -107.364300    2149.0   -2.6328   -7.2111    4.6820
      8867   34.478400  -107.393300    1787.0   12.5305   -1.5746    4.3011
      8862   34.434400  -107.410400    1838.0   12.7438   -2.6125    4.4834
      3880   32.078300  -107.281600    1247.0   -2.7983   -3.0417   10.2048
      3904   32.228300  -107.293300    1291.0    4.0929    0.4890    6.3173
      3903   32.233300  -107.261600    1297.0    4.0755    0.5822    5.7364
      3900   32.216600  -107.293300    1286.0    4.6281    0.9704    6.6028
      3899   32.209900  -107.259900    1291.0    4.5774    0.2446    5.2771
      3949   32.364900  -107.331600    1417.0   -0.9212    0.2813    6.6209
      3948   32.363300  -107.289900    1403.0   -4.5122   -1.9063    8.2558
      5478   32.558300  -107.308300    1388.0    0.0651   -0.0762    6.0037
      5477   32.557900  -107.278300    1417.0   -1.0009    1.0470    5.6270
      5552   32.721600  -107.333300    1346.0   -7.3072    4.3613    5.2223
      5556   32.740800  -107.263900    1248.0  -15.0330    0.3858    3.6986
      5546   32.708300  -107.326600    1305.0   -6.9387    4.7133    5.2131
      5623   32.904900  -107.323300    1314.0  -25.6904   -0.3863    4.3236
      5622   32.904900  -107.310800    1303.0  -23.0721    0.0757    4.5470
      5608   32.856600  -107.251600    1676.0  -10.4597   -1.9291    2.5861
      5602   32.838400  -107.319600    1275.0  -15.5254    2.8217    5.5763
      6797   33.076600  -107.321600    1338.0  -33.0768   -0.8292    6.3912
      6792   33.063300  -107.306600    1308.0  -35.3382   -4.3100    7.0340
      6790   33.059100  -107.283300    1290.0  -30.1503   -3.4013    7.3516
      6785   33.044900  -107.298300    1316.0  -34.5023   -5.0049    8.0523
      6780   33.000800  -107.314400    1364.0  -36.3569   -5.6863    6.8034
      6847   33.238300  -107.264900    1467.0  -13.0336    0.3039    3.2107
      6886   33.395800  -107.304800    1587.0   -1.3782    5.4346    6.4889
      6885   33.387900  -107.268800    1512.0  -10.3524    4.8324    7.7349
      6879   33.350300  -107.285300    1523.0   -4.9664    8.2930    6.6845
      7882   33.555900  -107.302400    1794.0   -2.7285   -0.3399    4.5705
      7885   33.573600  -107.253300    1689.0   -0.1982   -1.9656    3.5017
      7910   33.721100  -107.309800    1834.0   -0.6769   -3.5049    4.9563
      7946   33.910100  -107.286400    1973.0   -1.9849   -1.6148    3.4888
      7942   33.880600  -107.306300    1860.0   -0.8945    0.0004    4.3761
      7935   33.840800  -107.259400    1802.0   -2.2868   -4.2942    4.6459
      8789   34.041400  -107.303600    2128.0    2.0814    0.4291    4.0697
      8788   34.040300  -107.273300    2181.0    2.9580   -1.0520    3.6895
      8781   34.000800  -107.268900    2242.0   -1.1596   -4.0107    2.6025
      8824   34.220600  -107.294400    2077.0   11.4987    3.2650    4.8991
      8823   34.232600  -107.261600    1969.0   14.7650    2.1444    4.8520
      8816   34.189600  -107.325900    2068.0    5.2201    1.1862    4.7169
      8815   34.199100  -107.266600    2022.0   14.4480    1.6373    5.1643
      8854   34.415300  -107.285600    1722.0   22.3556    3.0956    5.3642
      8845   34.338300  -107.275300    1867.0   15.8672    0.4268    4.6788
      3887   32.126600  -107.246600    1274.0    1.6499    0.3968    9.9477
      3929   32.294900  -107.228300    1352.0   -0.7452   -0.3369    5.4099
      3927   32.294900  -107.194900    1343.0   -0.1466   -0.1419    5.1449
      3912   32.256600  -107.221600    1318.0    0.9952   -0.6254    4.2026
      3969   32.474900  -107.246600    1541.0   -4.6032    0.3293    8.6336
      3968   32.478300  -107.186600    1652.0   -6.5409   -1.9094    7.1533
      3963   32.438300  -107.223300    1522.0   -3.2151    1.1468    8.9124
      3962   32.449900  -107.208300    1560.0   -3.9895    0.4909    8.5366
      5521   32.661600  -107.174900    1247.0  -12.5036   -1.3723    4.5853
      5512   32.638300  -107.226600    1329.0  -10.0123   -1.5716    4.5515
      5511   32.644900  -107.209900    1310.0  -10.6666   -1.5033    4.9831
      5510   32.644900  -107.168300    1321.0  -11.1963   -1.7258    3.7831
      5490   32.587800  -107.221600    1544.0   -5.6961   -2.7804    4.5944
      5594   32.828300  -107.204900    1423.0   -3.1651    0.7915    4.2711
      5583   32.808300  -107.213300    1447.0   -3.1085    1.4081    4.9638
      5644   32.976600  -107.214900    1909.0   -5.4138    6.7668    5.6766
      5629   32.933300  -107.218300    1929.0   -4.2586    3.9039    3.9790
      5635   32.934900  -107.193300    1762.0   -4.0548    2.8916    3.7580
      6808   33.133300  -107.238300    1311.0   -7.4590   -3.1518    3.3916
      6816   33.148300  -107.206600    1298.0   -3.7721    0.8283    4.1294
      6798   33.084900  -107.175900    1449.0   -3.0868    0.4166    4.4330
      6851   33.255900  -107.190300    1357.0  -26.7237   -4.0628    4.5658
      6893   33.456600  -107.242600    1571.0  -11.1236    1.9863    5.4959
      6895   33.478100  -107.194800    1460.0  -16.1987    3.0982    6.6737
      7900   33.652600  -107.192400    1565.0   -6.1115   -3.6520    5.2450
      7892   33.620800  -107.219300    1600.0    3.5621    1.2064    4.3718
      7931   33.823100  -107.199300    1775.0    3.5224   -1.6412    4.8330
      7923   33.799900  -107.241400    1722.0   -2.6617   -6.2841    5.5546
      7915   33.758600  -107.206100    1649.0   -5.1165   -8.5866    4.7702
      7955   33.960400  -107.246300    2177.0    4.0921    1.7160    4.0635
      8805   34.129100  -107.208300    1963.0   12.0499   -0.1535    5.6568
      8802   34.111600  -107.246600    2000.0    9.5627   -2.7304    3.6508
      8798   34.086600  -107.199900    2344.0   13.6752    6.4780    4.3031
      8836   34.313300  -107.238600    1872.0   18.8134    1.9002    3.9069
      8832   34.288300  -107.209100    1807.0   17.6607    3.7290    4.6005
      8872   34.492400  -107.236600    1811.0   17.7683    0.8674    5.7363
      8864   34.463300  -107.219100    1824.0   21.3792    2.3667    6.6066
      8863   34.457800  -107.175100    1816.0   19.9386   -0.6710    5.7160
      8860   34.428300  -107.211600    1867.0   22.0369    0.6317    5.9271
      8858   34.419100  -107.168300    1867.0   23.7167    1.3991    4.5045
      3879   32.079900  -107.106600    1326.0    4.8483    1.0747    5.8178
      3874   32.014900  -107.094900    1330.0    9.9348   -0.8716    4.1612
      3901   32.228300  -107.161600    1317.0   -0.1612   -0.7565    6.5921
      3897   32.213300  -107.161600    1314.0    0.1381   -0.7123    6.0144
      3894   32.191600  -107.099900    1387.0    2.0866    2.2659    7.0336
      3892   32.169900  -107.091600    1377.0    5.6469    4.7581    5.9345
      3953   32.387400  -107.153300    1401.0    1.7442    2.5279    5.9614
      3957   32.401900  -107.126600    1416.0    3.8702    3.5976    6.3247
      3946   32.356600  -107.126800    1382.0    0.5009    3.4835    6.5603
      3941   32.334900  -107.153300    1364.0    2.0968    3.1088    5.5281
      3940   32.336600  -107.114900    1451.0    2.8601    6.6745    6.0767
      5462   32.533300  -107.153300    1582.0   -8.7959   -6.4037    5.5240
      5470   32.540600  -107.128900    1499.0   -7.8797   -5.5600    5.9497
      5469   32.543300  -107.116600    1472.0   -8.1051   -5.5161    5.8013
      5550   32.729900  -107.128300    1437.0   -8.2397   -1.7997    5.3897
      5549   32.723300  -107.114900    1354.0   -6.3514    1.3590    5.7798
      5543   32.703300  -107.106600    1297.0   -7.5541    3.0961    5.5287
      5526   32.669400  -107.102400    1232.0  -16.8015   -3.3230    4.4512
      5620   32.909900  -107.161600    1619.0   -4.7723    0.7255    3.3294
      5619   32.910400  -107.122300    1541.0   -7.4399    0.3782    4.6500
      5599   32.834900  -107.108300    1456.0   -4.7110    0.0772    3.6663
      6788   33.061600  -107.136600    1509.0   -4.0383   -0.1519    4.8336
      6787   33.050900  -107.105400    1495.0   -5.2287   -0.2668    5.8844
      6779   33.005400  -107.123100    1551.0   -6.6770    2.7884    3.6506
      6883   33.367400  -107.102100    1845.0   -6.6546   15.0721    6.2483
      7880   33.565400  -107.158300    1503.0  -17.8591    0.7714    5.0786
      7879   33.565600  -107.092300    1389.0  -22.8893    3.3103    7.6722
      7876   33.517400  -107.163300    1421.0  -18.0277    5.1408    6.6072
      7909   33.721300  -107.147100    1567.0    4.4282    4.4700    4.8756
      7906   33.710600  -107.083400    1482.0   -9.2953   -5.0002    5.2468
      7940   33.877300  -107.135900    1902.0    2.0529    3.3777    4.8855
      7934   33.840400  -107.092300    1767.0   -8.7586   -4.1885    4.6332
      8787   34.041900  -107.096600    1946.0   -0.5753    5.1372    4.2280
      8822   34.227400  -107.126600    1767.0    0.6085   -6.1835    5.5583
      8813   34.172400  -107.130800    1806.0   -1.0353   -7.8676    6.6021
      8851   34.390400  -107.116300    1866.0   25.8461    2.6509    4.0957
      3890   32.154900  -107.031600    1318.0    1.1496    3.1606    6.5414
      3885   32.119900  -107.052900    1321.0    2.0638    1.5831    5.0140
      3882   32.108600  -107.022300    1303.0   -2.1931   -0.0900    5.1392
      3919   32.294900  -107.058300    1397.0  -12.7318   -6.6625    5.5578
      3918   32.296600  -107.039900    1396.0  -14.7752   -7.6799    6.3625
      3916   32.299900  -107.006600    1351.0   -8.2555   -1.1619    5.4540
      5507   32.636600  -107.061600    1227.0  -19.7822   -1.5334    6.0142
      5506   32.643300  -107.026600    1223.0  -20.5960    3.9747    5.8099
      5493   32.608300  -107.066300    1343.0  -19.1837   -3.6611    5.5488
      5492   32.614900  -107.022400    1228.0  -16.3321    5.4552    5.9630
      5580   32.807600  -107.024900    1363.0  -17.4016   -1.8516    5.2542
      5561   32.766600  -107.063300    1386.0   -9.7237    1.7510    4.1573
      5560   32.764900  -107.041600    1343.0  -17.9596   -0.2650    4.1428
      5559   32.750300  -107.007100    1320.0  -23.8181    1.5127    2.9984
      5651   32.989900  -107.006600    1422.0   -4.6161    2.7763    5.5489
      5643   32.979400  -107.007900    1421.0   -5.5577    3.2873    6.1318
      6805   33.123600  -107.033100    1445.0   -2.5232   -0.9134    5.6458
      6801   33.106600  -107.066600    1451.0   -2.5148   -0.3601    4.0216
      6874   33.331600  -107.058300    1513.0   -4.9891    3.4235    5.0944
      6873   33.318300  -107.028300    1449.0   -3.7029   -2.2298    6.8500
      6872   33.324900  -107.009900    1420.0    0.0839   -0.6910    7.3812
      6864   33.289900  -107.024900    1462.0    6.2399    3.0211    6.8216
      6858   33.279900  -107.053300    1518.0    2.7555    0.3979    5.2955
      6857   33.274900  -107.033300    1490.0    5.7587    1.5160    5.7507
      6856   33.269900  -107.013300    1476.0    8.9185    2.7157    6.2219
      6897   33.499600  -107.008400    1442.0   -4.8371   12.3570    9.4287
      7897   33.663400  -107.032100    1384.0  -11.4969    2.1960    6.7213
      7891   33.620300  -107.026400    1361.0  -16.0908    4.5193    8.7764
      7926   33.806800  -107.053900    1640.0   -3.1747    0.9242    5.9960
      7925   33.806400  -107.018900    1585.0    2.8135    6.8197    7.1044
      7919   33.779400  -107.040300    1576.0    0.6974    2.3273    6.6782
      7951   33.936800  -107.058600    1989.0   -8.8619   -3.9782    4.0911
      7948   33.926600  -107.020600    1772.0   -6.9470   -2.9266    4.4196
      8807   34.140800  -107.041600    1851.0   -1.5645    4.1317    7.3939
      8797   34.090800  -107.025800    1754.0   -0.1307   10.9726    6.4768
      8830   34.274100  -107.068300    1749.0    6.3459   -5.9538    5.9642
      8870   34.491900  -107.062400    1690.0    6.8013    0.0228    5.1832
      8869   34.493100  -107.009300    1611.0    5.0310    7.0312    7.7220
      8856   34.421300  -107.042900    1867.0   27.2648   12.3194    6.2388
      3634   32.081400  -106.962600    1285.0  -10.4471   -3.9460    5.0538
      3627   32.066100  -106.933300    1282.0  -12.8961   -4.7053    5.0865
      3694   32.184900  -106.961600    1291.0  -16.8640   -3.4698    6.4585
      3702   32.203300  -106.924900    1287.0  -22.2335   -0.8717    4.4255
      3686   32.169800  -106.968100    1290.0  -13.7301   -3.6708    5.5343
      3684   32.169900  -106.944900    1290.0  -19.4341   -4.6603    5.3288
      3807   32.401600  -106.989900    1369.0   -7.6117   -0.7984    6.3740
      3806   32.406600  -106.941600    1500.0   -0.8952    3.5699    6.3272
      3782   32.371600  -106.938300    1436.0   -0.4771    5.0581    6.9207
      3771   32.343300  -106.988300    1359.0  -11.8814   -3.4726    6.6707
      3770   32.349900  -106.974900    1356.0   -8.7687   -1.1346    6.8736
      5365   32.583300  -106.996600    1218.0  -11.3061    8.6484    6.0098
      5364   32.579900  -106.921600    1320.0  -26.1061   -2.1819    4.6247
      5348   32.528300  -106.981600    1214.0   -5.4029    5.8793    6.4986
      5337   32.508300  -106.971600    1220.0   -7.1524   -0.5777    6.1999
      5336   32.501600  -106.926600    1210.0    0.4395    5.9488    4.4008
      5401   32.748300  -106.951600    1350.0  -22.8553    0.5645    6.0716
      5400   32.746600  -106.933300    1349.0  -19.8158    1.4716    5.4895
      5393   32.706600  -106.936600    1340.0  -26.1599   -1.2515    5.6700
      5440   32.899900  -106.991600    1402.0  -11.7215    3.1647    6.5754
      5423   32.834900  -106.963300    1341.0  -14.3048    4.0595    7.1588
      6713   33.079100  -106.969900    1450.0    1.6572   -0.1336    3.6433
      6750   33.186600  -106.963300    1497.0   13.5986    5.9829    6.3984
      6748   33.196600  -106.929900    1527.0   20.3532    6.2735    6.3693
      6771   33.353300  -106.989900    1404.0    5.5422    2.3884    6.6425
      7829   33.524900  -106.993300    1439.0    2.4583   19.9237    9.8524
      7852   33.693300  -106.979900    1362.0   -7.1285   -7.8974    6.6586
      8728   34.017400  -106.927800    1521.0  -11.6353    2.3874    5.2434
      8753   34.231600  -106.918300    1420.0   -1.6602   -3.8587    7.1215
      8746   34.180900  -106.962400    1645.0   12.9055   17.8257    6.9197
      8769   34.359600  -106.997400    1568.0   20.4518    6.3986    5.0986
      3644   32.111600  -106.853900    1292.0  -14.2423   -0.4775    5.3239
      3757   32.321600  -106.858300    1192.0  -17.7899   -3.8218    4.1715
      3734   32.284900  -106.904900    1338.0  -14.7004   -1.5646    5.9310
      3744   32.306600  -106.838300    1187.0  -18.0866   -2.0570    4.4844
      3726   32.276600  -106.903300    1314.0  -17.9016   -2.9207    6.3561
      3871   32.493300  -106.898300    1231.0   -0.3055    3.2267    4.8840
      3870   32.493300  -106.878300    1283.0    4.3287    6.3404    5.7995
      3843   32.464900  -106.899900    1204.0    2.0998    2.4044    4.9829
      3855   32.471600  -106.861600    1299.0    8.1185    4.3182    4.7920
      3830   32.444900  -106.896600    1203.0    2.5506    3.1946    6.0829
      3819   32.431600  -106.873300    1201.0   -1.4065   -0.0920    5.6749
      5382   32.661600  -106.839900    1338.0  -12.1658    9.3941    7.8054
      5368   32.604900  -106.848300    1316.0  -19.9788    6.5153    6.5943
      5416   32.833300  -106.898300    1347.0  -16.9441   -2.5611    6.3679
      5411   32.798300  -106.891600    1335.0  -19.5282   -2.9239    7.5166
      5409   32.779900  -106.884900    1329.0  -20.2074   -3.2108    6.7038
      5402   32.764900  -106.864900    1330.0  -18.6702   -2.4198    4.7183
      5449   32.953300  -106.881600    1421.0   -9.6066   -8.1470    7.1767
      5444   32.933300  -106.874900    1417.0   -7.5662   -4.8559    6.2241
      6737   33.139900  -106.906600    1519.0   20.3553   10.3277    7.9164
      6723   33.088300  -106.901600    1498.0   13.7393    6.7779    6.5057
      6721   33.094900  -106.864900    1555.0   22.6962   12.0933    8.6711
      6720   33.098300  -106.848300    1582.0   24.4866   11.4741    9.0719
      6774   33.421600  -106.909900    1482.0   12.9045   -3.2901    4.4645
      7860   33.827400  -106.883300    1376.0  -17.8718   -3.4458    8.0249
      7857   33.796600  -106.896600    1375.0  -10.6273   -1.5184    9.4162
      7869   33.929900  -106.896600    1475.0  -17.9959    3.3525    8.1509
      7868   33.918300  -106.866600    1394.0  -21.5968    1.0013    7.6258
      8740   34.133300  -106.909100    1435.0  -12.6364   -0.8976    7.0213
      8739   34.101600  -106.898300    1436.0  -13.1524   -2.5971    6.0731
      8765   34.329900  -106.899100    1496.0   -2.4957   -7.2551    8.3677
      8757   34.254900  -106.909900    1421.0    3.0284   -2.1360    8.0550
      8756   34.251600  -106.838300    1486.0   10.1695    8.2554    8.3220
      3632   32.068300  -106.819900    1285.0  -17.5249   -4.5795    6.0464
      3631   32.068300  -106.803300    1276.0  -13.8678    0.2573    6.0061
      3709   32.218300  -106.828300    1273.0  -21.0616   -1.2260    5.5466
      3707   32.228300  -106.794900    1179.0  -13.1035   -1.1756    6.3356
      3715   32.236600  -106.773300    1179.0   -6.9116   -1.4883    5.1604
      3692   32.196600  -106.754900    1175.0   -1.5758   -3.3607    6.1552
      3676   32.169900  -106.801600    1271.0  -13.5691   -0.8229    5.4771
      3792   32.396600  -106.831600    1196.0   -7.1860   -0.4742    4.0667
      3791   32.396600  -106.814900    1215.0   -1.7892    2.5958    5.0205
      3803   32.403300  -106.751600    1326.0   10.9445    2.9766    4.3763
      3773   32.364900  -106.824900    1194.0  -11.5819   -1.2221    5.0959
      3779   32.373300  -106.806600    1194.0   -2.4009    2.8596    6.2426
      3766   32.339100  -106.791600    1189.0   -0.7731    1.6766    5.0089
      3765   32.343300  -106.776600    1219.0    6.0397    3.3756    4.8532
      5362   32.568300  -106.809900    1330.0  -20.1757   -1.3338    7.3551
      5353   32.544900  -106.823300    1326.0  -17.9587   -2.9729    7.5041
      5345   32.529900  -106.804900    1326.0  -10.7031   -0.9280    7.2523
      5344   32.531600  -106.766600    1318.0  -12.9859   -1.5227    5.5169
      5335   32.507400  -106.819900    1495.0    9.0717   10.7113    5.9888
      5334   32.501600  -106.806600    1429.0   11.1986   10.4654    5.5055
      5395   32.730800  -106.823300    1349.0  -11.9298    1.6878    5.1731
      5392   32.708300  -106.823300    1317.0  -16.9611   -1.4464    6.3989
      5391   32.711600  -106.781600    1326.0   -6.9766   -1.8586    5.7125
      5429   32.859900  -106.756600    1524.0   17.1767    4.4797    5.5370
      5421   32.838300  -106.784900    1435.0    6.5532    0.9084    5.0931
      5420   32.841600  -106.778300    1455.0    7.9249    0.8627    5.2939
      6712   33.078300  -106.806600    1671.0   30.9797   11.3847    8.7728
      6765   33.240800  -106.804900    1763.0   31.5988    1.5390    4.5359
      6762   33.239900  -106.758300    1909.0   33.3689    0.4248    3.4995
      6741   33.171600  -106.799900    1776.0   33.0602    5.6965    7.8794
      7853   33.716600  -106.794900    1464.0   14.5167   11.6246    9.1406
      7849   33.673300  -106.821600    1467.0   23.3850   11.6023    6.6193
      7866   33.910400  -106.803800    1427.0  -12.3721    1.6139    8.0341
      8726   34.027600  -106.816900    1522.0   -8.5192    1.8379    7.4588
      8752   34.230800  -106.793800    1552.0    2.6898   -0.3366    7.9198
      8751   34.231600  -106.783300    1561.0    4.4026    0.6044    7.7704
      8749   34.187300  -106.799900    1540.0   -1.9062   -4.2326    5.5060
      8771   34.416300  -106.816600    1443.0   -8.0921   -1.9220    3.8958
      3664   32.154900  -106.734900    1171.0   -0.0602   -5.6777    7.7052
      3662   32.161600  -106.701600    1170.0   11.3321   -8.5348    5.9917
      3654   32.143300  -106.719900    1169.0    0.9788   -7.9819    7.5168
      3653   32.149900  -106.688300    1168.0   14.9545   -8.0954    5.6233
      3650   32.123600  -106.669900    1165.0   15.5125   -7.0286    5.3061
      3643   32.111600  -106.699900    1167.0    0.5906   -6.4430    6.1331
      3642   32.113300  -106.668300    1166.0   13.7383   -5.9643    4.7987
      3731   32.294900  -106.721600    1258.0   14.9147   10.6539    5.6850
      3741   32.300800  -106.703300    1287.0   16.3017   12.7116    5.1327
      3722   32.276600  -106.739900    1209.0    9.7410    6.8328    4.6286
      3864   32.489900  -106.699900    1317.0  -12.5076   -1.9681    4.9661
      3863   32.484900  -106.683300    1336.0  -11.1012   -0.0930    4.4864
      3836   32.462800  -106.733300    1322.0   -0.4805   -3.4486    4.4647
      3848   32.474900  -106.699900    1322.0  -11.7285   -3.5951    4.9350
      3814   32.422400  -106.726600    1318.0   -1.6418   -8.6280    4.8931
      3813   32.431600  -106.703300    1330.0  -10.8004  -12.7622    5.8126
      3812   32.431600  -106.674900    1356.0  -13.2344  -12.5150    5.7838
      5380   32.666600  -106.736600    1334.0    1.7628   -0.6789    4.7433
      5372   32.621600  -106.741600    1316.0   -3.5186    1.2778    4.5568
      5367   32.603300  -106.741600    1318.0   -6.8381    1.2650    5.4025
      5366   32.594900  -106.703300    1335.0   -2.3483    0.4609    5.4358
      5453   32.983300  -106.724900    1667.0   27.4642    4.4985    5.3230
      5447   32.939900  -106.699900    1704.0   33.2629    9.9143    5.9942
      6719   33.093300  -106.744900    1902.0   41.3779    6.5278    5.9845
      6718   33.084900  -106.694900    1699.0   44.1744   -0.5671    2.6927
      6776   33.448300  -106.686600    1468.0   27.2311   12.1088    8.2441
      7844   33.585800  -106.743300    1443.0    9.6546   -1.9739    3.1371
      7856   33.754900  -106.739900    1469.0    6.0351    8.5118    8.9731
      7870   33.983300  -106.688300    1737.0  -10.5330   -4.4266    7.8327
      8741   34.137400  -106.733300    1686.0    3.6071   -0.7511    6.2745
      8734   34.085800  -106.727400    1733.0    0.7614   -2.8169    5.2560
      8764   34.324300  -106.705600    1632.0    6.4220   -3.9134    5.9553
      8760   34.267600  -106.728900    1587.0    5.8624   -4.1005    7.3475
      8778   34.483300  -106.694900    1532.0   -0.8337    0.9507    7.8174
      8775   34.419900  -106.749100    1521.0   -6.2837   -6.2121    6.9884
      3624   32.053300  -106.641600    1160.0   13.8712    5.6737    5.8890
      3623   32.054900  -106.601600    1186.0   21.4759    3.5600    7.6829
      3617   32.028300  -106.619900    1156.0   12.2096    0.7914    7.2729
      3616   32.019900  -106.601600    1165.0    5.5780  -11.0099    6.6639
      3614   32.009900  -106.664900    1156.0   -4.4216   -0.7597    6.1646
      3613   32.000000  -106.605400    1159.0   11.9416   -1.5557    6.2678
      3690   32.188300  -106.653300    1240.0   36.5842    4.1776    5.3271
      3698   32.203300  -106.636600    1300.0   39.8306    8.9655    6.7415
      3696   32.208300  -106.609900    1367.0   41.7086    8.7263    5.9900
      3801   32.401600  -106.664900    1382.0  -10.4506  -14.2794    6.4197
      3800   32.411600  -106.634900    1425.0   -3.0021   -9.2249    5.2031
      3787   32.393300  -106.601600    1586.0    7.8850   -1.2413    4.4409
      3777   32.373300  -106.604900    1522.0   16.3250    8.6995    4.9943
      5359   32.571600  -106.648300    1378.0   10.3516    3.6435    4.4469
      5351   32.543300  -106.589900    1689.0   22.2261    0.2295    3.5241
      5394   32.731600  -106.589900    1759.0   32.4479    3.3833    7.5870
      5389   32.706600  -106.609900    1478.0   28.9842   -0.1450    7.1919
      5385   32.676600  -106.634900    1446.0   26.2862    0.4714    4.3759
      5431   32.869900  -106.624900    1664.0   36.2592    4.1928    5.6919
      5426   32.851600  -106.611600    1604.0   35.7023    1.8386    5.9375
      5419   32.843300  -106.594900    1494.0   36.6906    0.1581    5.4780
      6755   33.230300  -106.639100    2320.0   35.6953    5.3213    6.4296
      6745   33.184900  -106.644900    1582.0   45.7294    6.0589    6.5629
      6744   33.196600  -106.584900    1417.0   43.3707    9.4489    5.6573
      6740   33.178300  -106.666600    1680.0   45.8990    4.5726    5.7200
      7840   33.571600  -106.666600    1436.0   10.0087    3.8426    5.5376
      7836   33.561600  -106.628300    1436.0    9.6504    6.3135    7.3367
      7834   33.562400  -106.599900    1427.0    7.2232    3.9369    6.2150
      7863   33.894900  -106.623300    1532.0  -17.1173   -6.6421    7.8643
      7862   33.898300  -106.599900    1525.0  -16.6563   -7.6474    8.8659
      8725   34.026600  -106.626600    1677.0    1.8133   -0.7804    7.0359
      8747   34.184900  -106.623300    1883.0   12.8562    2.0217    6.8378
      8766   34.345900  -106.619600    1675.0   13.8436    2.2454    8.3007
      3659   32.158300  -106.563300    1320.0   42.1421   12.7890    6.6327
      3658   32.153300  -106.508300    1251.0    5.0978   -4.0239    4.6014
      3652   32.144900  -106.563300    1287.0   38.2987   12.1958    7.2698
      3651   32.138300  -106.531600    1255.0   13.6642   -1.1022    5.9363
      3635   32.089900  -106.559900    1235.0   20.6938    1.3446    8.1363
      3748   32.322400  -106.576600    1819.0    4.1014   -0.4502    3.5767
      3859   32.486300  -106.509800    1632.0   19.5264   -4.6190    4.6708
      3834   32.464100  -106.521800    1647.0   15.9229   -3.7993    5.1124
      3844   32.470600  -106.508100    1557.0   15.9662   -5.5354    4.7397
      3810   32.424900  -106.566800    1742.0   10.9371    0.1313    2.8700
      3822   32.434900  -106.539900    1580.0   11.7186   -1.4449    4.0236
      5374   32.636600  -106.581600    1589.0   35.1304    0.6412    4.5964
      5371   32.623300  -106.523300    1537.0   41.1870    1.4992    5.5876
      5370   32.628300  -106.508300    1477.0   39.9159    0.0627    4.8074
      5412   32.804900  -106.504900    1308.0   35.2107    6.4564    7.3559
      5456   32.994900  -106.576600    1480.0   35.8515   20.3985    9.0764
      5448   32.966600  -106.558300    1316.0   38.1734   24.6173    9.7196
      5451   32.969900  -106.539900    1256.0   27.5602   16.9028    9.5935
      5446   32.938300  -106.548300    1208.0   18.6349    2.3271    9.6535
      5445   32.948300  -106.511600    1195.0   17.9602    8.5574    8.9067
      6734   33.128300  -106.563300    1261.0   23.8028   -5.0396    6.0578
      6732   33.127400  -106.528300    1227.0   12.0694   -4.2118    6.8983
      6731   33.133300  -106.506600    1220.0    8.6697   -0.8590    5.8136
      6727   33.116600  -106.581600    1342.0   35.5899    1.6976    4.2166
      6715   33.099900  -106.549900    1219.0   10.3565  -10.8206    6.7073
      6767   33.298600  -106.531900    2725.0   29.4310   22.3825    7.9276
      7846   33.655100  -106.539100    1429.0   -9.6773   -1.7486    6.7835
      7854   33.764900  -106.576600    1464.0  -14.7264   -0.8011    4.9857
      7867   33.919900  -106.513300    1596.0   -2.4549   -3.4083    9.3289
      8742   34.166600  -106.562400    1850.0   10.5990    0.0764    7.0653
      8736   34.106600  -106.505800    1685.0    9.9598    0.0324    6.2274
      8762   34.330300  -106.512800    1937.0   13.0449    3.0196    5.8513
      8759   34.274100  -106.537400    1932.0   15.4795    0.3330    5.1523
      8773   34.423300  -106.518300    1747.0   18.3560    7.9309    8.4314
      3413   32.082400  -106.483300    1251.0    7.4053    0.7058    3.6355
      3396   32.000000  -106.443300    1255.0    8.4195   -3.8994    4.0384
      3463   32.186600  -106.429900    1224.0   -5.5807   -1.3548    5.5541
      3460   32.173300  -106.454900    1239.0   -2.6550   -2.2313    6.6986
      3459   32.172100  -106.421300    1231.0   -5.5325    0.4115    5.6191
      3555   32.401600  -106.470300    1277.0   -0.7277   -3.7416    4.9077
      3553   32.401600  -106.436800    1224.0   -7.7404   -1.6421    4.8370
      3522   32.371600  -106.476600    1276.0   -1.8695   -2.5834    6.8400
      3520   32.366800  -106.434900    1224.0   -7.6224    0.3185    6.4114
      3507   32.346600  -106.423300    1208.0  -10.9238   -0.8802    5.5272
      5238   32.583300  -106.494900    1543.0   39.0955    1.7273    4.5238
      5233   32.529900  -106.454900    1404.0   29.1102    7.0187    5.3727
      5231   32.528300  -106.426600    1273.0   18.0957    5.5833    6.1538
      5275   32.693300  -106.456600    1201.0   22.5911  -11.6018    6.7585
      5318   32.884100  -106.495800    1223.0   15.6066   -2.9265    6.8331
      5317   32.888300  -106.438300    1189.0   -1.0083   -2.1740    6.0542
      5311   32.869900  -106.488300    1231.0   18.0124   -0.9042    6.7032
      5310   32.873300  -106.474900    1210.0   10.6852   -3.2902    7.2580
      5303   32.838300  -106.464900    1200.0   11.5881   -5.0556    7.5795
      6657   33.058300  -106.463300    1225.0    0.3904    5.1205    7.8294
      7796   33.568300  -106.454900    1549.0   22.2059    6.6529    4.9438
      7795   33.556600  -106.446600    1585.0   23.7778    6.7917    5.5139
      7794   33.534900  -106.434900    1588.0   26.6044    7.1818    4.9607
      7805   33.719900  -106.494900    1487.0   -8.1745   -0.4181    7.8049
      7822   33.910800  -106.450100    1586.0   11.0502    2.9585    8.5820
      8682   34.027400  -106.471600    1607.0    8.9149   -1.2021    7.4864
      8700   34.229900  -106.435800    1844.0    4.3602   -4.2953    6.3977
      8695   34.178300  -106.466600    1744.0    9.0318   -0.2046    7.2647
      8714   34.371600  -106.428300    1890.0   10.2605    1.7342    5.9245
      8711   34.346600  -106.481600    1880.0   14.6960    6.0711    6.0193
      3441   32.124900  -106.389900    1238.0   -7.2442    1.2842    5.4043
      3433   32.103300  -106.412300    1241.0   -4.8923    1.7867    4.0196
      3430   32.111600  -106.359900    1229.0   -7.8024    1.9434    5.1721
      3495   32.299900  -106.401600    1208.0  -12.5671   -1.6055    5.7445
      3493   32.294900  -106.369900    1217.0  -13.1555   -0.3528    7.0582
      3491   32.296600  -106.338300    1218.0  -11.7151   -0.3577    6.4430
      3476   32.263300  -106.398300    1202.0  -12.6328   -1.9997    5.2783
      3475   32.256600  -106.376600    1196.0  -11.3224    1.7593    5.7705
      3606   32.488400  -106.388400    1204.0   -4.3166    1.9962    5.5637
      3605   32.486300  -106.377900    1203.0   -4.9719    2.5139    5.9951
      3582   32.459900  -106.386600    1200.0   -8.1614    1.4158    5.9275
      3581   32.461600  -106.358300    1203.0   -7.8129    1.2930    5.0620
      3564   32.430800  -106.403600    1201.0   -8.7554    1.5979    4.6951
      3562   32.430900  -106.367900    1211.0   -8.9009    0.3094    5.0438
      5254   32.644900  -106.411600    1212.0   15.8868   -6.6374    5.1897
      5251   32.644900  -106.359900    1397.0   11.5023   -3.7344    6.9674
      5250   32.649900  -106.348300    1206.0    2.0172  -11.6990    7.5674
      5240   32.591600  -106.409900    1240.0   20.9116   -0.0609    5.7760
      5291   32.756600  -106.396600    1191.0    6.9141  -26.9443    4.6843
      5329   32.958300  -106.339900    1197.0  -12.2641    7.5860    8.7438
      5324   32.918800  -106.351800    1195.0  -15.5706    0.9003    3.9002
      6673   33.118300  -106.416600    1213.0  -13.9844   -2.4569    4.5572
      6671   33.119900  -106.361600    1235.0  -18.9162   -4.8167    7.3021
      6670   33.118300  -106.346600    1218.0  -15.4892   -1.2849    6.8468
      6707   33.494100  -106.408300    1411.0   16.8496   -3.7353    5.7905
      6706   33.494900  -106.368300    1427.0   15.6807   -3.6697    6.0243
      6704   33.496600  -106.341600    1411.0   11.3586   -5.5221    5.1044
      6698   33.472100  -106.383900    1431.0   20.0795    1.9952    7.3305
      7803   33.647100  -106.372400    2634.0   17.7272    7.2499    5.9104
      7811   33.751600  -106.371600    2438.0   16.9663    4.0088    3.1697
      7828   33.998300  -106.408300    1640.0   12.7945    2.1314    5.5915
      8692   34.161600  -106.386600    1754.0    9.4584    3.4246    7.1350
      8688   34.114900  -106.367400    1732.0    9.3439    2.4671    6.5678
      8705   34.289100  -106.358300    1911.0    2.9325    1.1322    6.3845
      8721   34.443300  -106.369900    1836.0   10.0420   -0.9725    5.8418
      3412   32.078300  -106.273300    1242.0   -2.5656   -0.2822    5.2706
      3400   32.019900  -106.303300    1212.0  -10.7302   -0.9642    7.1638
      3398   32.031600  -106.254900    1238.0   -4.1677   -0.5704    4.0218
      3393   32.001600  -106.323300    1219.0  -14.1241   -1.9203    6.1547
      3392   32.001600  -106.306600    1213.0  -12.6728   -1.5294    6.2324
      3390   32.001600  -106.274400    1237.0   -6.6363    1.0053    4.8954
      3545   32.401600  -106.291600    1240.0   -3.1289    5.1424    5.5652
      3544   32.401600  -106.264900    1232.0   -8.3151   -0.2582    5.2733
      5230   32.524900  -106.261600    1216.0  -11.6767    1.0804    8.8832
      5288   32.728300  -106.326600    1239.0    0.2589  -15.1356    8.3842
      5272   32.691600  -106.289900    1215.0   -3.8674   -7.0543    7.0760
      5271   32.699900  -106.273300    1214.0   -5.0044   -4.6542    6.3516
      5265   32.668300  -106.328300    1207.0   -1.5363  -13.4620    7.7913
      5263   32.674900  -106.294900    1211.0   -3.7685   -6.8870    6.6007
      5314   32.884900  -106.304900    1202.0  -17.5713    1.2976    7.5308
      5313   32.893300  -106.273300    1211.0  -18.5198    3.2175    9.0147
      5308   32.874900  -106.288300    1211.0  -17.0095    2.2877    8.2830
      6655   33.054900  -106.281600    1221.0   -8.9246   10.6697    8.4365
      6681   33.208300  -106.316600    1248.0  -12.9366    2.9144    7.5794
      6691   33.373300  -106.296600    1292.0  -13.8337   -8.8156   10.2106
      6690   33.359900  -106.260100    1308.0  -18.6448   -5.9558   10.5969
      7818   33.863300  -106.306600    1800.0   13.7548    5.8748    7.8436
      7816   33.839600  -106.284400    1866.0   10.4342    5.6579    8.8430
      8683   34.039900  -106.321600    1724.0    5.3197    0.2062    6.6968
      8710   34.339900  -106.288300    2099.0    0.5228    1.6245    7.1078
      3440   32.133300  -106.238300    1250.0   11.3342    3.5927    8.1280
      3447   32.134900  -106.194900    1243.0   22.0654    3.6207    6.8321
      3446   32.143300  -106.178300    1252.0   26.9221    4.0330    5.1914
      3427   32.114900  -106.178300    1256.0   21.3832    3.2806    6.6389
      3486   32.289900  -106.226600    1223.0   -3.6942    1.7227    5.2247
      3485   32.285800  -106.209900    1222.0   -1.5920    0.3688    6.2213
      3481   32.281600  -106.196600    1227.0    0.2556   -0.8626    6.1752
      3604   32.496600  -106.191600    1226.0    2.8122    6.8854    8.3812
      3592   32.476600  -106.226600    1231.0   -0.7084    7.6565    7.2620
      3591   32.479900  -106.204900    1229.0    1.2211    6.1494    7.9745
      5297   32.784900  -106.173300    1220.0  -10.3752    0.5115    5.9436
      5328   32.958300  -106.234900    1213.0  -14.2935    9.0565    9.6232
      5327   32.962100  -106.197800    1239.0  -13.5980    7.3242    7.4616
      6665   33.101600  -106.246600    1223.0  -20.1996   -2.4771    4.9865
      6685   33.276600  -106.208300    1296.0  -25.9813    1.8098   10.1965
      7801   33.629400  -106.213100    1750.0    0.5060   -4.6113    6.7157
      7813   33.809900  -106.239900    2035.0    9.6948    9.8964    9.0306
      7827   33.988300  -106.244900    1961.0   -0.0755    1.0416    5.9303
      7825   33.973300  -106.189900    2011.0   -2.8134    3.1404    7.1717
      8690   34.164100  -106.198300    1994.0   -4.0070    1.6100    7.3382
      8686   34.099900  -106.179900    1954.0   -5.6005    1.3310    8.1442
      8702   34.264900  -106.238300    1959.0   -6.0355   -1.9399    6.1385
      8704   34.274900  -106.184100    2024.0   -5.5406   -1.3322    6.6035
      8717   34.429900  -106.191600    2053.0    0.6932    1.3401    5.8418
      3409   32.083300  -106.123300    1261.0   16.7844    1.7726    4.7315
      3405   32.064900  -106.088300    1281.0   12.3058    0.8676    5.3792
      3397   32.021600  -106.088300    1259.0   11.4147    0.9761    5.9518
      3385   32.001600  -106.164900    1246.0    8.6616    0.9878    4.5905
      3383   32.004900  -106.131600    1248.0   10.7520   -0.1181    4.0552
      3472   32.249900  -106.166600    1246.0    9.1830   -0.3696    3.1239
      3468   32.226600  -106.124900    1256.0   18.7600    2.1989    6.1651
      3471   32.239900  -106.093300    1273.0   18.4058    1.3809    4.3782
      3464   32.209900  -106.159900    1246.0   18.6218    0.0740    5.7277
      3457   32.169100  -106.093300    1255.0   18.4311    0.1344    5.9828
      3538   32.404900  -106.161600    1261.0    6.7868    0.2332    5.6319
      3536   32.401600  -106.121600    1329.0   12.5538    2.2307    5.9863
      3534   32.404900  -106.099900    1363.0   12.3163    0.8466    5.3828
      3517   32.376600  -106.088300    1280.0   11.8963   -0.6802    3.7510
      3504   32.346600  -106.101600    1249.0   12.2711   -0.7661    5.1249
      5225   32.511600  -106.159900    1228.0   14.2543   14.4048    7.3731
      5282   32.726600  -106.131600    1224.0   -9.1362   -0.2676    6.0529
      5277   32.703300  -106.126600    1388.0   -9.6395   -1.1346    6.4920
      5270   32.694900  -106.106600    1215.0   -9.4734   -1.1189    6.8512
      5319   32.908800  -106.151300    1240.0  -19.1837    1.7347    5.5236
      5312   32.884600  -106.149300    1237.0  -17.2690    4.9404    7.6204
      5307   32.874900  -106.161600    1231.0  -14.0267    7.8162    8.3086
      5306   32.873300  -106.116600    1243.0  -21.4407    2.8453    6.6887
      6660   33.076600  -106.148300    1262.0  -12.3865    4.2415    4.7139
      6659   33.076600  -106.093300    1311.0  -22.0141    2.9830    7.3766
      6654   33.026600  -106.138300    1341.0   -9.6017   11.2768    7.9425
      6680   33.189900  -106.119900    1306.0  -27.7417    5.2519    7.7692
      7779   33.507400  -106.144900    1390.0   -5.6204   -4.7659    3.8184
      8679   34.018300  -106.117400    1875.0  -12.9606   -1.7510    8.3806
      8701   34.248300  -106.098300    1929.0   -6.0055   -1.5364    6.3582
      8694   34.171600  -106.116600    1899.0   -9.4540   -1.7784    8.0556
      8713   34.376600  -106.101600    1978.0    0.6048    0.8773    6.0256
      3452   32.166600  -106.076600    1264.0   16.1149   -0.3556    7.1786
      3436   32.128300  -106.056600    1320.0   13.8376    0.7393    7.3429
      3444   32.137400  -106.001600    1420.0   12.8164    1.5689    4.9939
      3414   32.096600  -106.064900    1340.0   11.4632   -0.2015    5.7947
      3426   32.104900  -106.044900    1344.0   11.2252    0.4140    7.0193
      3424   32.106600  -106.003300    1400.0    7.6652   -1.2187    5.6968
      3499   32.329900  -106.016600    1277.0   13.0633    0.0823    4.2726
      3483   32.299900  -106.014900    1291.0   14.1774    1.6021    6.7791
      3478   32.271600  -106.014900    1323.0   16.8484    4.2395    7.5552
      3576   32.453300  -106.081600    1299.0   10.0383   -2.1723    4.2806
      3587   32.481600  -106.049900    1248.0    4.2927   -4.4150    6.8990
      3569   32.441600  -106.069900    1297.0    9.9168   -1.4687    5.7940
      5257   32.654900  -106.001600    1220.0  -25.2610   -8.8889    6.2810
      5249   32.634900  -106.004900    1218.0  -11.5676    3.3259    6.2665
      5243   32.603300  -106.008300    1230.0   -8.2092    5.2056    5.9090
      5293   32.769900  -106.056600    1233.0  -17.1934    4.9099    7.2065
      5325   32.947800  -106.074900    1290.0  -16.3531    8.2200    8.2472
      6663   33.088300  -106.034900    1359.0  -27.9722   -2.1471    3.8722
      6687   33.321600  -106.074900    1392.0  -16.4630    6.6143    5.9873
      6699   33.484900  -106.051600    1531.0    9.7116    0.4452    4.1761
      6695   33.481600  -106.058300    1532.0    8.0746   -0.5303    4.1096
      7799   33.614900  -106.069900    1548.0    9.3343    1.7830    8.0431
      7815   33.831600  -106.064900    1946.0  -17.4576   -8.2347    6.8097
      7824   33.979900  -106.033300    1927.0  -16.6670   -0.6714    4.7077
      8685   34.089100  -106.073300    1866.0  -13.4366   -0.4535    7.7502
      8706   34.316600  -106.049100    1951.0   -4.6771   -1.3350    5.2022
      8723   34.473300  -106.028300    2024.0   -1.6659    0.3145    5.5918
      3308   32.226800  -105.988300    1401.0   12.3651    1.2779    8.0131
      3304   32.201600  -105.966600    1499.0   10.4478    0.2213    7.0328
      3294   32.180300  -105.935000    1504.0    8.2621   -0.1010    5.5586
      3350   32.378300  -105.966600    1297.0   10.7320    3.6740    5.7479
      3348   32.373300  -105.933300    1346.0   10.2951    5.5521    5.7999
      5087   32.558700  -105.916700    1275.0   -6.5698    1.7164    8.0213
      5080   32.521600  -105.983300    1230.0   -1.5739   -0.2523    6.7982
      5076   32.514800  -105.968300    1218.0   -4.7614   -2.9419    7.3102
      5075   32.506600  -105.921600    1278.0   -0.2502    2.3920    3.7993
      5135   32.718300  -105.991600    1223.0  -23.1532   -2.5188    6.8228
      5144   32.743300  -105.968300    1232.0  -28.3716   -7.5443    5.9123
      5134   32.726000  -105.926700    1239.0  -25.1031  -10.9421    4.9906
      5123   32.688200  -105.998300    1219.0  -19.8763   -1.0115    6.0898
      5122   32.689800  -105.946700    1241.0  -22.2675   -2.8008    6.7054
      5185   32.899900  -105.984900    1321.0  -25.7224   -2.2887    6.2677
      5188   32.900500  -105.956700    1323.0  -20.8677   -2.8479    5.5012
      5182   32.890400  -105.942800    1336.0  -21.8409   -6.6852    6.5511
      5176   32.873300  -105.996600    1284.0  -24.4703    2.7424    7.3101
      5175   32.871600  -105.966600    1304.0  -22.6524   -0.2516    7.1280
      5301   32.849900  -106.000000    1280.0  -26.8339    2.9261    6.6553
      5168   32.841800  -105.975000    1287.0  -25.9207    1.1366    5.7415
      6567   33.068500  -105.958300    1511.0   -6.3476    4.1407    5.2917
      6556   33.000800  -105.991700    1361.0  -21.2441   -1.4400    5.6583
      6625   33.367000  -105.956700    1635.0   -9.5248    1.8572    6.9617
      6624   33.375300  -105.916700    1752.0   -8.4588    1.7884    8.3686
      7696   33.559500  -105.996700    1585.0   18.0985    6.8904    7.0450
      7701   33.569500  -105.968300    1583.0   14.3695    4.4203    5.9758
      7686   33.509000  -105.966700    1697.0    6.6450    0.0786    7.2967
      7731   33.731800  -105.998300    1734.0    1.6080   -0.3476    5.5957
      7730   33.731000  -105.966700    1660.0    5.0096    0.8309    6.4101
      7733   33.749900  -105.949900    1661.0    5.6339    2.4008    5.6183
      7723   33.689700  -105.980000    1612.0    8.5299    0.1942    5.8090
      7726   33.705300  -105.938300    1608.0    9.5361    1.8253    7.2247
      7759   33.869000  -105.988300    1687.0  -13.4300   -2.6761    5.3687
      8604   34.021600  -105.993300    1880.0  -18.2675    0.7344    5.0630
      8606   34.047200  -105.980000    1876.0  -21.6569   -1.8544    5.1660
      8599   34.005000  -105.955000    1821.0  -23.2234   -1.6166    5.0682
      8628   34.214800  -105.998300    1974.0   -7.2019    5.6670    2.9275
      8627   34.200800  -105.956700    1974.0   -9.7279    3.7911    4.9176
      8622   34.171300  -105.998300    1902.0  -12.5846    1.0116    3.9697
      8656   34.366700  -105.998300    1959.0   -4.3379   -0.0174    3.6023
      3290   32.152300  -105.860000    1647.0    6.3112    3.5837    5.6627
      3289   32.153300  -105.848300    1651.0    5.3574    3.1733    5.1650
      3277   32.143300  -105.906600    1533.0    6.4031    0.9948    4.1384
      3272   32.131600  -105.866600    1647.0    2.8690   -0.4262    5.7909
      3256   32.094900  -105.883300    1605.0    3.1281   -1.2155    4.5522
      3321   32.298000  -105.900000    1433.0    7.0263    0.8937    5.0632
      3381   32.496300  -105.861700    1354.0    0.8882    2.1619    5.1635
      5111   32.662200  -105.915000    1272.0  -20.3791   -2.1868    5.2604
      5099   32.628400  -105.895900    1312.0  -13.4776    0.3482    6.6544
      5097   32.625900  -105.865600    1379.0   -5.9025    4.5312    8.4443
      5096   32.626900  -105.841300    1446.0   -0.2740    6.8977    8.9503
      5094   32.613300  -105.883300    1345.0  -10.3126    1.1428    7.9945
      5158   32.808300  -105.878300    2472.0    0.1572    4.4400    4.6053
      5154   32.788200  -105.835000    2333.0    1.6926    2.0323    4.1232
      5210   32.959900  -105.886600    1636.0    4.9674    2.0282    5.5609
      5209   32.959900  -105.853300    1862.0    9.7744    0.8167    3.9804
      5198   32.948300  -105.886600    1712.0    4.2246    0.9567    5.3034
      5193   32.928300  -105.873300    1812.0    4.3384   -2.0071    4.8622
      5197   32.934900  -105.838300    2129.0   12.0957    0.3807    2.9825
      6591   33.158700  -105.845000    1803.0  -15.7101   -1.7183    4.7889
      6585   33.143300  -105.903300    1669.0  -10.6290   -0.3517    4.7697
      6578   33.119500  -105.840000    1919.0  -16.7423   -2.2265    4.3812
      6611   33.278700  -105.856700    1984.0   -7.6799    3.1541    5.7595
      7717   33.660700  -105.900000    1615.0    9.6675   -0.3701    6.0065
      7715   33.644800  -105.871700    1655.0    9.2532   -0.7083    5.5433
      7714   33.636700  -105.840000    1699.0    7.6833   -2.1943    4.8388
      7705   33.590200  -105.866700    1759.0    9.3758   -0.4466    5.0127
      7745   33.802000  -105.888300    1680.0   -5.6459   -2.8676    5.8997
      7737   33.755800  -105.878300    1671.0    4.0561    0.7570    5.8487
      7775   33.968000  -105.906700    1790.0  -22.9743   -1.4936    5.5082
      7774   33.969700  -105.838300    1785.0  -18.0093   -0.4435    7.3571
      7766   33.923500  -105.908300    1737.0  -17.9477    0.3395    6.0067
      7765   33.923500  -105.856700    1788.0  -15.4636    1.0320    6.0957
      8615   34.105500  -105.863300    1941.0  -21.4578   -2.9427    6.1414
      8639   34.294500  -105.858300    2040.0  -14.7425   -0.5237    4.3793
      8634   34.260000  -105.888300    2050.0  -12.3932   -1.0034    4.6819
      8671   34.477300  -105.873300    1892.0   -4.0367    8.0649    4.2080
      8662   34.422500  -105.883300    1937.0   -8.5358   -1.1651    4.0558
      3237   32.057300  -105.785000    1564.0   11.4115    1.4296    5.0569
      3234   32.042800  -105.826700    1611.0   11.2821    0.6250    3.8183
      3226   32.000300  -105.826700    1581.0   10.1328   -0.4078    4.7557
      3225   32.000300  -105.763300    1548.0    9.8597    0.3172    3.9073
      3307   32.223500  -105.830000    1607.0    3.0246    1.8028    5.1364
      3359   32.384900  -105.794900    1540.0   -0.6274   -0.4167    5.0220
      3357   32.390800  -105.761700    1482.0   -0.0845   -1.3650    3.8566
      5086   32.559500  -105.763300    1746.0    4.2877    1.7105    5.6421
      5082   32.549500  -105.810000    1577.0    1.9759    2.4331    7.6359
      5129   32.710800  -105.773300    2486.0    6.9544    1.4563    3.8603
      5179   32.898800  -105.780000    2712.0   10.5693   -1.3715    3.6283
      5167   32.839900  -105.823300    2313.0    5.0413    2.1538    2.8914
      6564   33.071000  -105.820000    2216.0  -19.2277   -8.1997    4.3226
      6563   33.055200  -105.796700    2296.0  -16.4492   -8.4323    5.1554
      6604   33.218000  -105.828300    1971.0  -13.7510   -2.2539    4.3152
      6603   33.220300  -105.788300    2118.0   -9.8737   -1.4463    4.1093
      6633   33.393300  -105.803300    3350.0  -19.3853  -15.3676    5.0266
      6631   33.393300  -105.771600    3053.0  -15.3681  -12.7098    4.0982
      7728   33.720200  -105.781700    1804.0   10.5107   -1.2742    5.1489
      7761   33.910200  -105.791700    1817.0  -11.1998    1.3511    7.2039
      7757   33.873200  -105.831700    1773.0  -14.7444   -2.9106    4.1850
      7753   33.836000  -105.823300    1769.0  -11.9983   -4.3097    4.0332
      7752   33.840800  -105.778300    1842.0   -6.1120   -0.4967    6.3033
      8605   34.037200  -105.755000    1901.0   -9.9894    0.5776    5.0954
      8598   34.016500  -105.811700    1953.0  -15.1065    0.9615    6.4916
      8625   34.214000  -105.833300    2139.0  -12.7621   -1.9286    6.1449
      8623   34.185300  -105.790000    2182.0  -10.8594   -0.1986    5.4325
      8658   34.384000  -105.798300    1920.0   -9.0398    0.9468    4.1698
      8650   34.338000  -105.766700    1964.0   -5.1244    4.7898    4.0654
      3287   32.161600  -105.719900    1518.0    0.2343    2.7238    5.1924
      3275   32.138800  -105.720000    1480.0   -0.9441   -0.1581    6.0917
      3274   32.138300  -105.711600    1482.0    0.7394    1.7346    6.0543
      3253   32.091300  -105.691700    1515.0   -1.3004   -3.8519    4.8213
      3324   32.309000  -105.703300    1501.0   -7.0285   -0.5212    5.3190
      3312   32.251500  -105.716700    1505.0   -6.1677   -1.3124    4.9078
      3372   32.473500  -105.725000    1561.0    4.9139   -0.5048    4.9807
      3370   32.469900  -105.696600    1561.0    4.7308    0.6252    5.3217
      3367   32.465200  -105.673300    1579.0    2.7921   -0.1534    4.4958
      5110   32.652000  -105.706700    2180.0   11.8361    2.0633    4.8820
      5162   32.824200  -105.710000    2501.0    8.4016   -1.1173    4.1811
      5149   32.767200  -105.678300    2590.0    7.7551   -5.8473    3.8436
      5224   32.996600  -105.711600    2791.0    0.3149   -1.9034    3.6920
      5223   32.995800  -105.671700    2422.0    5.6813    2.9559    4.0475
      5203   32.955700  -105.720000    2565.0    3.8631   -3.2930    3.2027
      5201   32.961600  -105.693300    2483.0    7.0277    0.9822    3.2451
      5190   32.928300  -105.731600    2598.0   13.9838    2.9624    3.0066
      6588   33.163300  -105.743300    2084.0   -1.3587    5.1139    3.1987
      6587   33.159900  -105.679900    2407.0   -9.0651   -0.4311    2.3967
      6583   33.142000  -105.750000    2071.0   -1.0705    6.7652    3.7484
      6572   33.094500  -105.718300    2223.0   -4.1918    3.1012    4.7765
      6617   33.330300  -105.710000    2137.0   -1.2422   -2.3729    3.5979
      6616   33.329500  -105.678300    2070.0    3.5983   -0.5757    3.5070
      6610   33.271600  -105.696600    2161.0   -4.2985   -0.9013    3.7543
      6609   33.282800  -105.680000    2115.0   -2.6944   -1.3152    2.9974
      6653   33.491600  -105.743300    2531.0    7.9015    2.8906    3.1990
      6652   33.485700  -105.668300    2143.0   16.8151    2.5281    4.2927
      6648   33.460000  -105.736700    2244.0   -0.2599   -2.6265    4.3863
      6645   33.451600  -105.693300    2151.0    8.5498    0.0563    4.6468
      6644   33.463300  -105.674900    2196.0   14.4308    2.3423    4.6062
      7716   33.659800  -105.683300    2009.0   15.4701   -1.4965    7.0274
      7710   33.631700  -105.713300    1881.0   16.0376   -0.0147    5.7944
      7707   33.609200  -105.738300    1842.0   15.1826    0.5250    3.9973
      7704   33.592700  -105.710000    1905.0   15.6712   -0.5015    3.7370
      7743   33.809900  -105.736600    1771.0   -0.9444   -3.3912    6.5785
      7739   33.770700  -105.686700    2065.0   12.5499   -1.8391    4.2917
      7773   33.978700  -105.700000    1927.0  -11.4263   -0.4820    4.9997
      7768   33.935800  -105.746700    1865.0   -9.3512    2.7406    6.9135
      8619   34.140800  -105.700000    2092.0   -0.1424    3.5095    4.4413
      8643   34.302700  -105.710000    2011.0   -3.2658    0.2417    4.4488
      8633   34.258300  -105.701700    2097.0   -1.5408   -2.0372    4.9646
      8676   34.492800  -105.746700    1903.0  -23.2115   -5.1116    4.6836
      8675   34.492800  -105.706700    1918.0  -21.8934   -3.0120    5.0478
      8668   34.434700  -105.728300    1916.0  -18.2432   -5.2159    5.7992
      8667   34.433800  -105.690000    1932.0  -17.5357   -5.1379    5.6201
      3245   32.078300  -105.658300    1522.0    0.0923    0.1591    4.2414
      3244   32.071600  -105.639900    1545.0   -0.6933    1.0720    4.8514
      3231   32.041600  -105.648300    1583.0    0.8291    0.5615    4.1825
      3221   32.008000  -105.635000    1560.0   -0.1296   -0.4440    3.6319
      3305   32.225200  -105.660000    1440.0  -10.1012   -3.3842    5.3870
      3310   32.238300  -105.618300    1431.0   -9.0853   -0.6715    3.6508
      3296   32.193800  -105.630000    1450.0   -9.0658   -2.9146    5.3356
      3301   32.214900  -105.599900    1416.0   -8.1252   -0.7115    4.8686
      3352   32.384900  -105.661600    1441.0    2.9561    3.1224    4.6055
      3343   32.381600  -105.628300    1451.0    3.5047    4.3946    5.8970
      3341   32.374900  -105.593300    1439.0    5.8355    3.1420    5.0859
      3330   32.337700  -105.651700    1489.0   -1.4814    1.9589    6.0746
      5079   32.525800  -105.589900    1706.0    8.7716    1.1998    3.5549
      5137   32.741200  -105.631700    2465.0    9.8755   -5.2573    3.7833
      5125   32.708300  -105.654900    2621.0    9.5123   -2.1727    3.2702
      5117   32.688300  -105.631600    2468.0    7.1438   -4.6910    3.5398
      5116   32.691500  -105.605000    2425.0    8.6320   -4.3150    3.5852
      5114   32.675500  -105.603300    2406.0   11.4785   -1.4357    3.3232
      5173   32.872000  -105.623300    2270.0   13.8830    0.3736    4.4647
      5170   32.856600  -105.598300    2171.0   22.1948    9.2679    4.5919
      6557   33.019300  -105.635000    2321.0    5.0603    3.6527    4.6014
      6555   33.013300  -105.638300    2352.0    4.0079    2.1735    4.5999
      6600   33.232000  -105.621700    2384.0   -2.8981   -5.3244    3.9294
      6597   33.210300  -105.590000    2305.0    4.2214   -0.2435    3.4543
      7698   33.577800  -105.616700    2039.0   16.2683   -1.2742    4.2647
      7693   33.556200  -105.593300    1979.0   18.0212   -0.0954    3.9192
      7688   33.522300  -105.620000    2061.0   17.9743   -1.1104    4.4420
      7725   33.705300  -105.641700    2083.0   16.4481   -2.0430    6.3288
      7724   33.707000  -105.596700    2000.0   17.2748    1.5225    5.1568
      7756   33.883000  -105.665000    2090.0  -14.2627   -6.3612    3.9809
      7755   33.867300  -105.591700    2026.0   -4.5084   -4.1410    5.7138
      7751   33.848300  -105.643300    2167.0   -7.2377   -7.7061    5.0573
      7750   33.837700  -105.591700    2025.0    5.2490   -1.2348    6.3045
      8609   34.083300  -105.658300    1992.0   -9.6881   -5.8180    4.1710
      8607   34.062700  -105.650000    2014.0   -7.2497   -2.0341    5.5571
      8602   34.019800  -105.661700    1996.0  -10.9184   -2.3553    5.6460
      8601   34.019800  -105.608300    1978.0  -11.2427   -1.7139    5.1922
      8630   34.221500  -105.640000    2086.0    7.4907    1.7075    4.5938
      8631   34.244500  -105.585000    2032.0    7.5195    1.4964    2.7301
      8621   34.181200  -105.638300    2030.0    4.6499   -0.2109    4.2834
      8657   34.389700  -105.635000    1940.0   -7.4097   -1.2086    4.7563
      8649   34.347000  -105.656700    1959.0   -2.4021   -0.1778    4.5720
      8648   34.347000  -105.585000    1948.0   -0.9938   -0.3858    5.3548
      3284   32.164200  -105.526700    1393.0   -7.2396   -3.5959    5.9327
      3283   32.166600  -105.513300    1387.0   -4.3620   -1.5438    5.8127
      3269   32.122700  -105.578300    1475.0   -6.0986   -1.4363    4.7431
      3261   32.110800  -105.564900    1516.0   -3.5021    2.2776    4.7790
      3252   32.093300  -105.543300    1540.0   -6.5237    0.1409    3.2109
      3251   32.084900  -105.508300    1482.0   -7.4382   -0.5548    3.1426
      3322   32.310700  -105.505000    1321.0    0.2734   -1.7600    3.8051
      3374   32.494700  -105.566700    1667.0    1.9175   -0.1190    3.7644
      5104   32.643300  -105.551600    2315.0   16.1701    2.0819    4.3450
      5103   32.640800  -105.526600    2215.0   13.8303    0.6976    4.3076
      5091   32.586600  -105.529900    1955.0    8.6129    1.3663    3.0369
      5090   32.596600  -105.509900    2001.0    6.9366    0.9833    2.8960
      5151   32.798200  -105.566700    2207.0   11.1125    1.8008    3.6906
      5156   32.805700  -105.516700    2138.0   -0.0485   -2.0750    3.7741
      5222   32.989200  -105.543300    2224.0   -1.0633   -1.3082    5.1981
      5221   32.984200  -105.503300    2137.0   -3.1988    1.8412    4.7067
      5199   32.954800  -105.555000    2326.0    4.6213   -2.6450    4.4100
      6586   33.162800  -105.511700    2142.0   -3.3166   -2.8445    4.1586
      6581   33.134500  -105.575000    2319.0   -8.9266   -5.3164    4.2941
      6574   33.100300  -105.566700    2299.0   -8.2776   -2.4689    4.0777
      6569   33.092800  -105.516700    2200.0   -8.1979    0.7046    4.1905
      6607   33.255300  -105.535000    2322.0   12.7586   -3.6384    3.3914
      6651   33.494800  -105.521700    1893.0    9.6700   -2.0293    3.6185
      6643   33.460000  -105.541700    2078.0   16.5497    0.0961    4.1327
      7709   33.625800  -105.570000    2118.0   11.9329    0.9188    5.1044
      7702   33.585300  -105.573300    2026.0   16.3458    2.2289    4.9100
      7746   33.822700  -105.520000    1940.0   21.8281    7.0029    5.3554
      7741   33.811200  -105.578300    1979.0   20.8268    8.0261    6.4893
      7734   33.766500  -105.566700    1903.0   24.9946    7.7333    5.6726
      7738   33.777300  -105.520000    1862.0   23.5879    6.7042    5.9933
      7769   33.965500  -105.518300    1857.0  -11.5617   -0.1375    4.1455
      7762   33.917700  -105.516700    1881.0   -7.0790   -2.4027    4.9602
      8612   34.108000  -105.543300    1920.0    4.5145    2.8865    4.8177
      8641   34.303500  -105.550000    1974.0    3.8791   -0.8756    4.7323
      8637   34.274000  -105.516700    1954.0    5.7013   -0.7031    4.5224
      8672   34.492800  -105.516700    1861.0   -0.3240   -2.4588    4.4546
      8665   34.448700  -105.583300    1843.0   -7.1030    0.0551    4.3979
      8664   34.448700  -105.530000    1846.0   -8.1356   -2.8415    5.0756
