   11   32.135278 -106.239144  1250.0   -2.00   -9.58
   12   32.477083 -106.331025  1217.0   -2.31   -3.95
   13   32.291122 -106.400061  1205.0   -0.38    0.37
   14   32.247319 -106.192692  1249.0    1.06   -7.98
   15   32.249431 -106.289436  1245.0    0.00   -7.61
   16   32.207019 -106.324703  1230.0    0.31   -6.45
   17   32.234414 -106.396908  1199.0   -0.38    0.26
   18   32.498869 -106.115917  1461.0    0.50   -7.33
   19   32.076919 -106.180200  1249.0   -2.50   -8.69
   20   32.467019 -106.273703  1216.0   -1.25   -7.01
   21   32.462467 -106.136433  1284.0    0.13   -9.70
   22   32.497553 -106.433233  1243.0   -6.56    7.64
   23   32.480522 -106.429431  1237.0   -6.31    5.64
   24   32.144994 -106.465944  1254.0   -1.50    0.90
   25   32.168072 -106.446075  1241.0   -2.13   -0.16
   26   32.208358 -106.192361  1245.0    0.94   -7.93
   27   32.072008 -106.481528  1271.0    1.56    1.54
   28   32.421744 -106.389683  1213.0   -2.00   -1.74
   29   32.401792 -106.477369  1291.0   -1.31    8.23
   30   32.293906 -106.137442  1246.0    0.13   -9.14
   31   32.464844 -106.322200  1220.0   -1.94   -4.11
   32   32.448039 -106.356781  1211.0   -1.44   -3.59
   33   32.400639 -106.153547  1326.0   -1.75  -10.82
   34   32.388378 -106.397839  1211.0   -0.94   -1.06
   35   32.125689 -106.389606  1239.0   -0.19   -2.17
   36   32.079486 -106.273586  1242.0   -1.94   -7.89
   37   32.399878 -106.112428  1477.0   -3.75   -7.07
   38   32.435575 -106.117572  1617.0   -0.31  -11.34
   39   32.329144 -106.304242  1241.0   -0.63   -5.92
   40   32.310350 -106.227172  1246.0    0.63   -8.40
   41   32.211800 -106.257167  1251.0    0.75   -8.36
   42   32.429433 -106.309678  1229.0   -0.94   -5.65
   43   32.377756 -106.481225  1302.0    2.56    6.70
   44   32.443239 -106.395014  1202.0   -2.81   -0.48
   45   32.485258 -106.397525  1208.0   -4.44    1.69
   46   32.431825 -106.481133  1402.0   -4.31    6.91
   47   32.459897 -106.466011  1344.0   -6.44    8.23
   48   32.459808 -106.396033  1201.0   -3.50    0.00
   49   32.466108 -106.354231  1209.0   -2.69   -3.01
   50   32.178817 -106.421428  1228.0   -1.31   -0.05
   51   32.459969 -106.288989  1224.0   -0.75   -6.43
   52   32.476131 -106.226672  1231.0   -1.06   -9.49
   53   32.367294 -106.341261  1228.0   -0.81   -4.38
   54   32.401639 -106.208233  1244.0   -1.56   -9.13
   55   32.401700 -106.329875  1232.0   -1.63   -5.33
   56   32.412261 -106.419725  1204.0   -1.69    1.79
   57   32.141206 -106.332714  1243.0   -1.56   -6.03
   58   32.483772 -106.401578  1203.0   -4.44    2.06
   59   32.402689 -106.263186  1231.0   -0.88   -7.12
   60   32.336486 -106.460919  1260.0    1.00   11.25
   61   32.401783 -106.292233  1241.0   -0.50   -5.70
   62   32.220747 -106.494894  1423.0   -5.25    6.72
   63   32.429369 -106.259342  1225.0   -1.19   -7.39
   64   32.357986 -106.369417  1230.0   -1.31   -2.80
   65   32.473814 -106.416625  1208.0   -5.13    3.01
   66   32.359481 -106.411131  1200.0   -0.13    1.85
   67   32.358839 -106.125206  1273.0   -1.13   -9.13
   68   32.481381 -106.289553  1219.0   -1.50   -6.38
   69   32.053839 -106.390672  1245.0   -0.69   -1.01
   70   32.096442 -106.203847  1252.0   -2.25   -8.31
   71   32.401578 -106.395750  1211.0   -3.00   -1.27
   72   32.401817 -106.359642  1222.0   -2.56   -4.96
   73   32.422094 -106.359781  1212.0   -1.31   -4.38
   74   32.380833 -106.361381  1216.0   -1.50   -4.33
   75   32.394708 -106.365833  1222.0   -1.13   -3.85
   76   32.389747 -106.377194  1207.0   -2.31   -3.48
   77   32.393533 -106.319981  1235.0   -1.38   -5.75
   78   32.149106 -106.818300  1280.0    0.44   -4.50
   79   32.427578 -106.566103  1810.0   -2.38   -2.64
   80   32.425011 -106.599258  1549.0   -0.75   -9.65
   81   32.420828 -106.726147  1317.0   -0.56   -1.42
   82   32.402317 -106.665139  1381.0    0.19   -9.66
   83   32.416300 -106.622831  1453.0    0.06  -11.66
   84   32.436736 -106.516639  1495.0   -5.75    2.85
   85   32.435792 -106.546756  1612.0   -4.25    1.21
   86   32.380636 -106.726292  1329.0   -0.88   -4.38
   87   32.152444 -106.509047  1253.0   -4.31    2.49
   88   32.404689 -106.760644  1466.0   -2.25   -4.17
   89   32.326272 -106.627381  1507.0   -0.94  -11.20
   90   32.371683 -106.560883  1723.0    6.38    1.80
   91   32.478236 -106.735875  1313.0    0.44   -0.63
   92   32.148092 -106.580856  1283.0   -4.13   -2.70
   93   32.037367 -106.771267  1310.0   -0.13   -3.13
   94   32.492933 -106.510375  1693.0   -9.63    2.21
   95   32.487919 -106.580147  1601.0   -4.00  -11.44
   96   32.143869 -106.983167  1300.0    0.00    0.85
   97   32.278736 -106.753844  1199.0   -2.38   -9.46
   98   32.475222 -106.665650  1354.0   -1.69   -8.75
   99   32.335950 -106.543644  2607.0    3.13   -0.85
  100   32.292803 -106.697339  1497.0    0.75   -7.29
  101   32.577939 -106.327728  1217.0   -2.31   -2.53
  102   32.584203 -106.438886  1327.0   -1.19   11.06
  103   32.873189 -106.074650  1261.0   -2.19  -11.13
  104   32.886358 -106.149819  1236.0   -2.88   -8.35
  105   32.869694 -106.442594  1188.0   -0.94    3.94
  106   32.892481 -106.086739  1255.0   -3.94   -9.66
  107   32.932806 -106.153689  1244.0   -2.94   -9.18
  108   32.979247 -106.157564  1247.0   -3.31   -9.54
  109   32.583156 -106.257108  1212.0   -0.75   -5.32
  110   32.630419 -106.240936  1215.0   -1.94   -6.26
  111   32.950300 -106.218289  1193.0   -3.19   -7.66
  112   32.632186 -106.420375  1230.0    0.81    4.58
  113   32.514133 -106.442625  1332.0   -6.69   10.96
  114   32.819442 -106.153564  1242.0   -1.44   -8.09
  115   32.986667 -106.318333  1200.0   -2.00   -5.87
  116   32.944842 -106.154372  1245.0   -3.44   -9.23
  117   32.898125 -106.150475  1238.0   -2.44   -8.34
  118   32.889111 -106.149725  1237.0   -2.25   -8.29
  119   32.909328 -106.151408  1239.0   -3.06   -8.92
  120   32.922986 -106.152547  1242.0   -3.13   -9.34
  121   32.955769 -106.155283  1245.0   -3.25   -9.55
  122   32.969431 -106.156422  1246.0   -2.69   -9.65
  123   32.834367 -106.061553  1241.0   -2.25  -10.35
  124   32.846592 -106.030983  1258.0   -3.63  -11.76
  125   32.957372 -106.181531  1221.0   -2.94   -8.65
  126   32.887800 -106.184725  1280.0   -3.19   -7.40
  127   32.891417 -106.001431  1280.0   -4.38  -14.80
  128   32.620756 -106.320211  1212.0   -1.75   -2.95
  129   32.900842 -106.449744  1189.0    0.13    3.62
  130   32.954292 -106.389139  1192.0   -1.50   -1.68
  131   32.918744 -106.351764  1196.0   -1.69   -3.73
  132   32.894617 -106.097578  1253.0   -4.38   -9.76
  133   32.873519 -106.365761  1191.0    0.25   -1.89
  134   32.920456 -106.133964  1252.0   -3.50   -9.81
  135   32.594897 -106.303033  1214.0   -2.50   -3.27
  136   32.954564 -106.466600  1189.0   -0.13    3.51
  137   32.875472 -106.289069  1205.0   -0.94   -5.56
  138   32.876753 -106.407344  1190.0   -0.44    0.32
  139   32.524647 -106.440067  1331.0   -5.06   10.22
  140   32.514592 -106.427447  1270.0   -6.75    8.33
  141   32.962100 -106.197983  1229.0   -2.81   -8.08
  142   32.979069 -106.430031  1192.0   -1.50    0.37
  143   32.525181 -106.261578  1218.0   -1.31   -7.11
  144   32.650522 -106.458781  1258.0    1.63    6.37
  145   32.928625 -106.071631  1274.0   -4.63  -11.12
  146   32.892194 -106.087589  1257.0   -4.13  -10.13
  147   32.570522 -106.381064  1197.0   -3.00    1.79
  148   32.898381 -106.128953  1245.0   -3.38   -9.34
  149   32.739850 -106.491297  1345.0    0.50    7.57
  150   32.884775 -106.149361  1236.0   -2.94   -8.19
  151   32.537017 -106.397506  1211.0   -3.56    3.90
  152   32.628178 -106.374864  1200.0   -1.50    1.16
  153   32.877600 -106.119528  1243.0   -3.13   -8.82
  154   32.523250 -106.142269  1231.0    1.13   -8.48
  155   32.596722 -106.384100  1205.0   -1.69    1.74
  156   32.507508 -106.482964  2136.0   -8.81    5.59
  157   32.539239 -106.141356  1232.0    0.69   -8.80
  158   32.995117 -106.158889  1248.0   -3.63   -9.75
  159   32.519953 -106.325139  1218.0   -2.69   -2.79
  160   32.612092 -106.143992  1224.0   -0.94   -7.90
  161   32.528942 -106.355200  1209.0   -5.06   -0.32
  162   32.662478 -106.391106  1202.0    0.50    1.74
  163   32.933797 -106.134800  1252.0   -3.13   -9.97
  164   32.693858 -106.457339  1200.0   -0.19    6.42
  165   32.685381 -106.226100  1215.0   -1.19   -6.37
  166   32.594683 -106.428347  1257.0   -1.38    8.16
  167   32.976475 -106.132783  1259.0   -3.38  -10.64
  168   32.729333 -106.339836  1254.0   -0.94   -2.79
  169   32.884219 -106.495883  1225.0    0.94    8.56
  170   32.663022 -106.260811  1210.0   -1.19   -4.63
  171   32.918008 -106.157506  1240.0   -2.75   -9.18
  172   32.947897 -106.075150  1281.0   -3.94  -11.12
  173   32.864244 -106.126236  1238.0   -3.19   -8.61
  174   32.591011 -106.334514  1223.0   -2.13   -0.79
  175   32.883567 -106.453072  1190.0    0.31    3.88
  176   32.999169 -106.000133  1352.0   -3.38  -16.04
  177   32.727264 -106.210233  1214.0   -0.94   -6.42
  178   32.755742 -106.486708  1323.0    1.69    7.41
  179   32.662658 -106.325086  1220.0   -1.06   -2.32
  180   32.687572 -106.484039  1289.0    0.13    9.52
  181   32.935569 -106.118383  1260.0   -3.81  -10.75
  182   32.543231 -106.294389  1214.0   -2.00   -4.06
  183   32.841653 -106.328342  1192.0   -0.75   -3.47
  184   32.795192 -106.412692  1187.0   -0.25    1.52
  185   32.845186 -106.106994  1237.0   -2.06   -8.93
  186   32.703711 -106.126544  1387.0   -1.00   -7.78
  187   32.549056 -106.331344  1215.0   -2.56   -2.53
  188   32.550653 -106.427431  1231.0   -4.13   10.38
  189   32.814992 -106.264222  1219.0   -1.19   -6.09
  190   32.778728 -106.157783  1245.0   -2.00   -7.25
  191   32.837508 -106.784958  1435.0   -7.00   -8.25
  192   32.898039 -106.866986  1396.0   -4.69   -6.61
  193   32.957925 -106.539836  1255.0    2.44   11.01
  194   32.781350 -106.811928  1376.0   -5.06   -7.57
  195   32.905781 -106.669392  1687.0   -4.56   -6.82
  196   32.845044 -106.771550  1454.0   -5.19   -8.45
  197   32.882211 -106.722603  1557.0   -6.19   -9.55
  198   32.895889 -106.693272  1610.0   -5.38   -7.45
  199   32.922053 -106.645214  1574.0   -2.06   -2.83
  200   32.941194 -106.614842  1473.0   -0.75    0.73
  201   32.941450 -106.600131  1423.0   -0.19    5.19
  202   32.916375 -106.660156  1751.0   -2.13   -3.99
  203   32.933456 -106.637764  1540.0   -2.50   -1.84
  204   32.953769 -106.573886  1353.0    0.44   11.96
  205   32.804267 -106.505258  1308.0    0.38    8.98
  206   32.958575 -106.518906  1211.0    1.50    8.13
  207   32.716703 -106.744086  1371.0   -4.94   -8.62
  208   32.978286 -106.804661  1549.0   -6.44   -9.44
  209   32.560983 -106.593878  1520.0   -3.31  -10.80
  210   32.665147 -106.657294  1409.0   -4.13  -10.00
  211   32.947072 -106.705581  1678.0   -5.06   -7.19
  212   32.712086 -106.589258  1640.0   -2.88   -8.26
  213   32.620225 -106.753392  1323.0   -3.38   -6.79
  214   32.622689 -106.596711  1483.0   -3.38   -9.84
  215   32.675914 -106.536256  2510.0   -2.38    4.21
  216   32.822461 -106.690303  1546.0   -5.44   -9.24
  217   32.533528 -106.746269  1313.0   -0.50   -3.90
  218   32.574825 -106.672225  1356.0   -4.38  -10.06
  232   33.057756 -106.462703  1225.0   -2.19    1.94
  233   33.063517 -106.367894  1215.0   -1.50   -4.66
  234   33.332625 -106.314244  1279.0   -5.00   -3.34
  235   33.409347 -106.349247  1312.0   -6.94    0.10
  236   33.238625 -106.060592  1362.0   -4.25  -17.77
  237   33.009719 -106.184842  1220.0   -3.25   -9.33
  238   33.499483 -106.466464  2207.0   -2.13   -5.26
  239   33.317247 -106.115169  1354.0   -6.81  -14.26
  240   33.389367 -106.406533  1414.0   -6.38    8.40
  241   33.488600 -106.132383  1405.0   -2.94  -13.24
  242   33.249925 -106.335944  1257.0   -4.13   -2.56
  243   33.436903 -106.449472  1481.0   -2.69    0.26
  244   33.139336 -106.285456  1235.0   -2.00   -6.75
  245   33.332817 -106.000042  1520.0   -4.94  -17.28
  246   33.021939 -106.136653  1284.0   -3.56  -10.11
  247   33.395119 -106.141378  1342.0   -7.13  -13.83
  248   33.249206 -106.237406  1273.0   -3.19   -6.53
  249   33.023622 -106.161272  1250.0   -3.38  -10.53
  250   33.296819 -106.171567  1311.0   -4.19  -10.03
  251   33.372503 -106.491669  1513.0   -0.38    1.51
  252   33.411625 -106.245656  1322.0   -5.94   -6.63
  253   33.192372 -106.054019  1376.0   -3.50  -16.32
  254   33.135117 -106.154811  1270.0   -1.50   -9.47
  255   33.262511 -106.305197  1263.0   -4.00   -4.81
  256   33.281797 -106.258847  1283.0   -3.75   -5.43
  257   33.212789 -106.277081  1258.0   -3.38   -6.75
  258   33.469378 -106.234711  1373.0   -7.50   -5.84
  259   33.211889 -106.464578  1239.0   -7.00    4.13
  260   33.472125 -106.384017  1434.0   -6.56    0.16
  261   33.027989 -106.097322  1295.0   -3.13  -11.11
  262   33.007119 -106.214133  1232.0   -3.00   -7.91
  263   33.021222 -106.422228  1215.0   -1.75   -1.36
  264   33.085414 -106.189194  1255.0   -1.31   -9.32
  265   33.050614 -106.133586  1272.0   -2.06   -9.74
  266   33.120061 -106.363331  1234.0   -2.00   -4.87
  267   33.055592 -106.281686  1220.0   -2.06   -6.86
  268   33.359967 -106.260242  1305.0   -5.44   -5.64
  269   33.369042 -106.398742  1335.0   -6.50    6.73
  270   33.174975 -106.144794  1275.0   -1.31   -9.78
  271   33.011647 -106.160269  1247.0   -3.69   -9.49
  272   33.496764 -106.173661  1379.0   -4.38   -9.07
  273   33.282872 -106.413311  1257.0   -7.50    4.34
  274   33.211694 -106.391528  1235.0   -5.56   -0.26
  275   33.328783 -106.394817  1273.0   -6.38    5.33
  276   33.445211 -106.131511  1620.0   -4.81  -15.49
  277   33.432306 -106.311408  1329.0   -7.75   -2.50
  278   33.240086 -106.428000  1231.0   -6.63    3.29
  279   33.406772 -106.069256  1456.0   -6.56  -14.56
  280   33.076306 -106.033869  1356.0   -2.81  -14.98
  281   33.105961 -106.269717  1221.0   -1.63   -6.54
  282   33.145247 -106.436567  1228.0   -4.50    0.52
  283   33.499169 -106.309294  1483.0   -8.63   -4.22
  284   33.422019 -106.909458  1482.0    0.94   -5.11
  285   33.237122 -106.821819  1722.0   -0.44   -9.31
  286   33.189061 -106.614975  1496.0   -7.50    9.62
  287   33.318803 -106.666919  1757.0    4.13   -2.51
  288   33.188578 -106.651817  1606.0   -4.13    4.76
  289   33.229903 -106.725867  1989.0    1.06   -4.13
  290   33.172431 -106.503697  1244.0   -6.50    5.34
  291   33.193858 -106.552064  1336.0   -7.50    8.84
  292   33.036244 -106.713111  1803.0   -4.69   -3.67
  293   33.240436 -106.758767  1909.0    1.69   -7.27
  294   33.212706 -106.899419  1554.0   -1.94   -8.16
  295   33.115906 -106.583164  1344.0   -2.88   12.46
  296   33.344608 -106.592442  1770.0    3.63   -3.45
  297   33.314967 -106.992781  1423.0    1.00   -6.58
  298   33.351594 -106.739467  1655.0    5.44   -5.33
  299   33.474225 -106.612092  1450.0    1.75   -5.21
  300   33.055039 -106.526817  1210.0   -1.88    6.81
  301   33.207019 -106.592197  1481.0   -9.38   10.88
  302   33.273900 -106.537481  1686.0  -13.13    5.96
  303   33.406906 -106.570036  1560.0    3.44   -5.27
  304   33.106558 -106.509625  1215.0   -2.94    5.08
  305   33.174139 -106.669403  1695.0   -2.81    4.03
  306   33.207850 -106.502933  1277.0   -7.38    6.85
  307   33.440747 -106.809847  1447.0    1.75   -3.60
  308   33.490342 -106.680403  1429.0    2.06   -4.59
  309   33.189833 -106.687750  1794.0   -4.69    2.20
  310   33.246819 -106.513494  1395.0  -11.44    8.10
  311   33.298633 -106.532033  2725.0   -6.38    4.34
  312   33.394828 -106.672747  1568.0    6.13   -4.80
  313   33.285064 -106.810781  1780.0    2.63   -9.61
  314   33.013111 -106.517194  1200.0   -0.63    6.18
  315   33.230344 -106.639228  2319.0   -4.38    2.61
  316   33.456178 -106.551103  1509.0    1.38   -8.29
  317   33.356408 -106.861386  1515.0    2.38   -7.10
  318   33.091775 -106.881339  1527.0   -5.00   -8.85
  319   33.107956 -106.719572  1755.0   -2.75   -1.89
  320   33.646472 -106.372650  2632.0   -2.75  -12.54
  321   33.739433 -106.364047  2427.0   -6.00  -15.59
  322   33.814939 -106.469778  1679.0   -2.75  -13.35
  323   33.723744 -106.469736  1541.0   -2.31  -15.18
  324   33.842764 -106.283050  1881.0   -0.63   -8.77
  325   33.879056 -106.404778  1687.0   -2.25  -11.36
  326   33.919272 -106.000592  1821.0   -2.38   -3.53
  327   33.874247 -106.185914  2093.0   -3.25   -3.53
  328   33.793192 -106.171678  1834.0   -3.44   -1.51
  329   33.997983 -106.072019  1935.0   -3.31   -2.23
  330   33.700156 -106.369436  2371.0   -1.94   -9.46
  331   33.677475 -106.208150  1798.0   -6.50   -6.40
  332   33.573867 -106.116567  1432.0   -3.38  -10.42
  333   33.511097 -106.041481  1547.0   -1.69  -15.22
  334   33.749569 -106.083256  1658.0   -2.69   -5.20
  335   33.925950 -106.261908  1868.0   -0.94   -9.08
  336   33.973725 -106.189514  2010.0   -1.88   -5.55
  337   33.823094 -106.071175  1829.0   -3.06   -2.49
  338   33.693483 -106.301542  1716.0   -7.13   -3.80
  339   33.530894 -106.422197  1547.0   -3.50   -2.97
  340   33.526036 -106.443564  1682.0   -0.38   -1.46
  341   33.617067 -106.156900  1535.0   -4.31   -5.57
  342   33.708922 -106.137544  1834.0   -5.06   -4.06
  343   33.610994 -106.273239  1586.0   -4.69   -0.78
  344   33.650458 -106.149175  1598.0   -5.50   -5.78
  345   33.600539 -106.210108  1558.0   -6.25   -6.30
  346   33.721731 -106.232969  1853.0   -6.50   -4.06
  347   33.524358 -106.342686  1478.0   -7.94   -4.69
  348   33.546519 -106.436361  1640.0   -0.50   -5.42
  349   33.640186 -106.305775  1752.0   -3.50   -0.31
  350   33.558208 -106.192144  1450.0   -5.38   -6.15
  351   33.623744 -106.367681  2587.0   -7.88  -13.64
  352   33.907322 -106.077550  1889.0   -1.00   -0.05
  353   33.666697 -106.436358  1609.0   -2.13  -16.70
  354   33.786147 -106.484847  1552.0   -3.81  -14.70
  355   33.731925 -106.320836  2212.0   -7.25   -3.90
  356   33.879792 -106.235714  2123.0   -1.19   -7.52
  357   33.741042 -106.016983  1778.0   -0.44   -8.42
  358   33.629428 -106.213161  1749.0   -6.25   -5.72
  359   33.749394 -106.370167  2439.0   -4.38  -17.41
  360   33.823561 -106.371442  1786.0    1.94  -14.64
  361   33.562553 -106.001736  1583.0   -0.44  -12.29
  362   33.555378 -106.271933  1553.0   -6.81   -2.60
  363   33.727494 -106.407175  1689.0   -1.88  -15.65
  364   33.611256 -106.487817  1485.0   -0.19  -12.39
  365   33.506114 -106.213147  1396.0   -6.00   -6.88
  366   33.813186 -106.266608  1924.0   -1.00   -7.53
  367   33.912903 -106.383492  1656.0   -2.50   -9.80
  368   33.972531 -106.338742  1815.0   -2.63   -9.07
  369   33.765150 -106.247228  1933.0   -4.38   -3.85
  370   33.720172 -106.737683  1468.0   -1.63   -2.24
  371   33.886172 -106.521828  1521.0   -5.13  -10.12
  372   33.646183 -106.566433  1432.0    0.31   -6.24
  373   33.916894 -106.513767  1596.0   -6.06   -9.13
  374   33.719997 -106.860914  1684.0    0.38   -4.99
  375   33.885347 -106.696567  1555.0   -2.50   -2.39
  376   33.622831 -106.922219  1444.0    0.56   -5.67
  377   33.754011 -106.690989  1455.0   -1.88   -1.92
  378   33.828019 -106.883819  1374.0   -1.69    0.68
  379   33.655428 -106.591053  1432.0   -0.56   -4.42
  380   33.577697 -106.561964  1424.0    2.31   -5.88
  381   33.517803 -106.712550  1432.0    0.94   -3.75
  382   33.825814 -106.665036  1576.0   -2.50   -1.77
  383   33.586206 -106.504644  1465.0    0.44   -9.84
  384   33.770378 -106.726864  1474.0   -2.06   -2.49
  385   33.701450 -106.581600  1437.0   -2.06   -4.84
  386   33.519403 -106.874225  1496.0   -1.13   -3.34
  387   33.502189 -106.556253  1455.0    2.63   -7.66
  388   33.981239 -106.576131  1693.0   -8.88   -7.00
  389   33.677639 -106.674108  1453.0   -1.44   -1.87
  390   33.730125 -106.636586  1454.0   -2.19   -2.55
  391   33.586203 -106.744314  1442.0   -0.38   -2.71
  392   33.562269 -106.643583  1439.0    1.25   -3.59
  393   33.520064 -106.991150  1456.0   -0.19   -8.44
  394   33.737642 -106.696744  1470.0   -2.19   -2.13
  395   33.686114 -106.505653  1454.0   -0.50  -11.60
  396   33.782689 -106.553514  1476.0   -3.19   -7.74
  397   33.740300 -106.553403  1459.0   -3.06   -7.80
  398   33.772850 -106.604372  1468.0   -2.25   -4.83
  399   33.551597 -106.537689  1438.0    2.50   -8.80
  400   33.914033 -106.870758  1402.0   -2.81   -0.67
  401   33.732853 -106.981064  1456.0   -4.81    0.00
  402   33.630928 -106.818328  1454.0   -1.63   -2.34
  403   33.679286 -106.575236  1439.0   -2.00   -5.72
  404   33.894367 -106.623319  1532.0   -4.31   -5.29
  405   33.682867 -106.617214  1437.0   -1.00   -3.22
  406   33.626478 -106.624183  1430.0    0.13   -2.86
  407   33.658119 -106.556506  1432.0    0.13   -6.92
