
  31.57083333  34.90416667  -107.91250000 -105.07916667
   0.16666667   0.16666667

  2252  2189  2064  1927  1804  1724  1611  1586  1761  1944
  2036  1951  1924  1963  1973  1907  1804  1748

  2271  2204  2076  1945  1818  1721  1597  1575  1768  1944
  2035  1941  1919  1947  1956  1898  1807  1754

  2299  2230  2094  1972  1855  1733  1597  1570  1759  1929
  2017  1947  1921  1923  1926  1882  1811  1762

  2326  2261  2139  2020  1893  1730  1605  1603  1761  1914
  1980  1965  1967  1971  1953  1878  1793  1740

  2291  2247  2160  2089  1980  1789  1651  1637  1737  1861
  1910  1955  1971  1984  1959  1867  1760  1701

  2257  2266  2234  2197  2063  1835  1669  1618  1690  1797
  1853  1901  1931  1970  1965  1866  1728  1658

  2228  2244  2234  2177  2022  1776  1620  1548  1617  1728
  1803  1822  1853  1915  1946  1856  1707  1632

  2251  2241  2241  2114  1917  1648  1528  1478  1554  1651
  1718  1722  1805  1922  2005  1933  1770  1672

  2287  2221  2141  1946  1742  1522  1469  1480  1547  1577
  1591  1644  1860  2028  2088  1949  1782  1680

  2287  2175  2003  1782  1615  1488  1520  1567  1565  1482
  1433  1564  1873  2113  2175  2020  1828  1713

  2316  2170  1884  1638  1506  1474  1570  1610  1551  1397
  1324  1505  1886  2179  2233  2022  1802  1691

  2283  2115  1825  1573  1472  1463  1565  1599  1515  1344
  1256  1430  1830  2175  2278  2068  1815  1697

  2135  1999  1767  1532  1438  1422  1476  1509  1441  1320
  1228  1378  1811  2177  2307  2069  1806  1689

  1901  1811  1676  1500  1428  1400  1400  1458  1422  1348
  1232  1324  1691  2023  2172  1992  1790  1701

  1655  1609  1544  1453  1414  1384  1359  1429  1407  1363
  1241  1298  1543  1777  1903  1803  1700  1646

  1473  1446  1417  1394  1393  1376  1331  1396  1383  1363
  1256  1298  1430  1551  1612  1569  1529  1501

  1353  1354  1335  1345  1349  1348  1308  1340  1322  1315
  1262  1344  1443  1503  1477  1410  1352  1320

  1325  1320  1292  1299  1309  1320  1283  1283  1275  1277
  1274  1377  1476  1523  1453  1356  1249  1197

  1320  1310  1277  1275  1281  1293  1269  1252  1241  1236
  1258  1369  1468  1512  1435  1332  1222  1168

  1324  1295  1249  1233  1244  1257  1251  1250  1240  1222
  1225  1306  1409  1459  1416  1327  1247  1209

  1312  1287  1237  1211  1211  1224  1236  1248  1231  1207
  1194  1258  1366  1426  1405  1329  1267  1245
