
  31.52916667  34.94583333  -107.95416667 -105.03750000
   0.08333333   0.08333333

  2159  2058  2191  2080  1991  1910  1879  1819  1719  1690
  1675  1619  1620  1686  1623  1514  1590  1655  1895  2216
  2237  2066  1941  1885  1910  1950  2040  2138  2103  2035
  1974  1899  1833  1782  1738  1679

  2151  2214  2333  2238  2065  1961  1801  1757  1772  1822
  1797  1572  1652  1657  1564  1489  1566  1667  1848  2263
  2226  2028  1926  1872  1877  1903  1976  2083  2074  2001
  1939  1847  1783  1711  1676  1663

  2181  2420  2416  2318  2204  2050  1823  1868  1928  1946
  1831  1595  1570  1608  1542  1486  1560  1665  2118  2356
  2111  1976  1903  1859  1855  1869  1905  1984  2023  1943
  1937  1885  1842  1771  1758  1691

  2254  2378  2376  2258  2225  2094  1892  1991  2068  1979
  1795  1664  1559  1554  1500  1494  1550  1675  2110  2297
  2037  1939  1889  1860  1852  1858  1891  1956  1962  1922
  1909  1926  1865  1799  1724  1659

  2279  2366  2387  2321  2126  2154  2060  1943  2056  1840
  1728  1631  1565  1534  1495  1500  1554  1712  2491  2222
  2024  1934  1894  1858  1852  1884  1954  1948  1935  1902
  1871  1902  1860  1807  1725  1651

  2323  2357  2247  2204  2015  2021  1855  1860  1965  1870
  1719  1618  1542  1506  1475  1508  1560  1672  2111  2079
  2006  1973  1927  1883  1868  1924  1959  1944  1909  1897
  1952  1904  1827  1794  1771  1686

  2337  2235  2144  2134  2000  1945  1858  1820  1847  1848
  1982  1850  1566  1476  1458  1529  1581  1686  1812  1878
  1992  2065  2017  2005  1996  1915  1906  1934  1877  1878
  1963  1881  1812  1782  1770  1716

  2390  2289  2277  2292  2221  2048  1965  1959  1888  1749
  1783  1684  1567  1469  1502  1584  1722  1965  1885  1984
  2090  2062  2008  1954  1982  1958  1943  1950  1944  1949
  1937  1850  1792  1759  1730  1687

  2542  2579  2513  2307  2248  2357  2175  2173  2179  1838
  1707  1685  1524  1455  1565  1641  1812  1904  1942  1948
  1995  2006  1970  1942  1957  2054  2134  2050  2059  1981
  1909  1834  1782  1739  1691  1643

  2446  2374  2312  2173  2146  2275  2319  2137  2043  1903
  1788  1816  1587  1461  1576  1712  1881  1853  1790  1803
  1902  1983  1916  1911  1953  2064  2235  2159  2056  2041
  1948  1827  1749  1710  1661  1619

  2446  2288  2201  2145  2131  2179  2239  2126  2038  2135
  1861  1813  1583  1433  1586  1772  1891  1799  1697  1742
  1856  1965  1915  1864  1895  1960  2024  2036  2018  1973
  1910  1799  1740  1677  1644  1595

  2144  2147  2134  2129  2191  2183  2184  2113  2174  2555
  2207  1841  1648  1424  1561  1728  1708  1699  1634  1704
  1802  1939  1921  1873  1840  1865  1900  1957  2007  1957
  1886  1809  1729  1649  1576  1555

  2078  2108  2110  2156  2317  2368  2302  2039  2093  2407
  2384  1862  1635  1417  1496  1610  1577  1573  1587  1678
  1802  1969  1928  1818  1774  1782  1832  1945  2010  1944
  1892  1849  1777  1680  1587  1510

  2148  2303  2173  2220  2448  2547  2571  2062  1860  2017
  1890  1723  1666  1399  1468  1559  1508  1519  1593  1721
  1879  2013  1921  1768  1691  1730  1870  2075  2115  1976
  1901  1824  1743  1669  1581  1490

  2313  2494  2290  2208  2218  2368  2475  2033  1800  1697
  1656  1563  1493  1397  1462  1500  1469  1485  1590  1961
  1967  1932  1777  1709  1679  1682  1927  2081  2040  1923
  1856  1786  1737  1658  1571  1514

  2334  2370  2360  2183  2095  2256  2508  2149  1854  1624
  1505  1428  1395  1460  1458  1453  1440  1445  1564  1991
  1791  1720  1636  1662  1619  1647  1805  2290  2116  1966
  1911  1860  1787  1649  1564  1487

  2321  2301  2388  2126  1975  2159  2557  2323  1824  1588
  1445  1351  1416  1452  1445  1439  1430  1432  1567  1926
  1672  1558  1482  1527  1578  1720  1825  2006  2176  2107
  2318  2497  2314  1873  1601  1486

  2275  2312  2340  2103  2012  1908  2218  2104  1768  1556
  1393  1368  1446  1480  1457  1431  1418  1472  1701  1528
  1525  1418  1419  1538  1684  1983  2406  2155  2064  1954
  1924  1967  1965  1765  1623  1503

  2313  2364  2283  2093  2215  1924  1806  1813  1650  1457
  1511  1437  1437  1448  1454  1466  1488  1601  1618  1388
  1348  1351  1436  1578  1859  2319  2653  2365  2128  2019
  1960  1841  1774  1767  1645  1517

  2318  2419  2330  2048  2029  1896  1686  1600  1524  1395
  1584  1465  1432  1502  1590  1655  1673  1761  1639  1293
  1291  1311  1361  1494  1680  2227  2850  2290  2129  2050
  2017  1916  1717  1641  1627  1527

  2356  2555  2358  2045  1895  1806  1635  1529  1473  1365
  1472  1491  1475  1580  1808  1919  1951  1813  1356  1243
  1265  1291  1330  1435  1734  2117  2325  2248  2287  2324
  2135  1969  1843  1738  1695  1560

  2395  2627  2243  1976  1863  1737  1569  1497  1432  1344
  1427  1467  1501  1598  1856  2010  1729  1326  1230  1230
  1242  1264  1299  1410  1664  1902  2181  2336  2441  2278
  2148  2003  1885  1779  1675  1582

  2465  2685  2327  2030  1885  1771  1573  1433  1347  1443
  1484  1448  1472  1557  1764  1840  1651  1246  1208  1208
  1221  1240  1283  1366  1538  1937  2321  2398  2422  2334
  2154  2023  1871  1789  1668  1563

  2255  2635  2369  2095  1831  1685  1531  1417  1318  1602
  1543  1456  1417  1494  1655  1820  1731  1231  1194  1196
  1209  1231  1273  1330  1477  1877  2439  2574  2429  2269
  2141  1993  1848  1722  1602  1537

  2109  2385  2521  2030  1793  1676  1506  1395  1349  1799
  1558  1447  1389  1433  1541  1717  1752  1315  1189  1191
  1210  1221  1254  1297  1409  1862  2409  2649  2455  2302
  2094  1902  1840  1735  1598  1521

  1912  2022  2365  2026  1784  1624  1493  1373  1327  1517
  1512  1397  1360  1379  1452  1580  1733  1473  1194  1190
  1204  1216  1237  1262  1360  2015  2703  2608  2424  2244
  2081  1967  1879  1684  1596  1516

  1872  1809  2028  2007  1773  1602  1482  1369  1286  1419
  1501  1357  1365  1343  1389  1482  1622  1540  1218  1194
  1209  1213  1228  1232  1297  2136  2720  2721  2469  2267
  2084  1982  1871  1684  1608  1512

  1897  1742  1777  1869  1727  1571  1482  1393  1307  1272
  1303  1303  1342  1334  1329  1379  1505  1706  1230  1201
  1210  1208  1221  1214  1235  1659  2185  2483  2496  2260
  2081  1982  1933  1769  1650  1538

  1648  1622  1688  1752  1605  1497  1483  1405  1378  1407
  1393  1276  1317  1329  1322  1339  1440  1730  1366  1202
  1210  1212  1226  1225  1252  1389  1752  2102  2137  2121
  1965  1818  1770  1719  1769  1634

  1514  1538  1666  1816  1506  1429  1440  1376  1468  1700
  1563  1372  1286  1328  1351  1327  1447  1801  1532  1205
  1210  1218  1251  1232  1244  1375  1638  1781  1801  1879
  1904  1746  1792  1569  1817  1813

  1441  1460  1491  1499  1450  1376  1406  1403  1465  1566
  1467  1420  1388  1266  1376  1329  1477  1648  1291  1204
  1219  1231  1321  1257  1267  1463  1492  1514  1525  1552
  1698  1579  1594  1424  1625  1904

  1409  1402  1386  1376  1360  1310  1335  1441  1415  1423
  1401  1418  1384  1271  1230  1336  1563  1835  1286  1211
  1234  1239  1266  1261  1325  1541  1556  1490  1462  1381
  1373  1509  1431  1295  1235  1537

  1370  1355  1334  1307  1289  1273  1273  1299  1333  1334
  1349  1369  1344  1256  1184  1273  1493  1867  1297  1209
  1236  1240  1250  1310  1370  1523  1577  1501  1460  1397
  1354  1353  1415  1314  1182  1218

  1330  1337  1312  1287  1367  1266  1249  1257  1285  1309
  1347  1336  1295  1278  1216  1189  1320  1417  1266  1214
  1236  1240  1252  1348  1473  1572  1575  1503  1433  1410
  1385  1322  1319  1280  1163  1213

  1305  1297  1290  1299  1597  1282  1240  1251  1278  1331
  1340  1304  1287  1278  1263  1172  1209  1270  1244  1230
  1235  1242  1265  1381  1504  1609  1564  1504  1502  1508
  1410  1310  1278  1235  1189  1196

  1336  1294  1274  1280  1452  1260  1229  1258  1296  1448
  1387  1299  1287  1275  1266  1213  1166  1309  1266  1232
  1225  1240  1255  1491  1651  1605  1569  1540  1577  1603
  1405  1284  1219  1164  1138  1105

  1369  1311  1322  1325  1252  1230  1219  1235  1311  1481
  1406  1322  1263  1266  1258  1227  1155  1395  1343  1214
  1223  1235  1296  1424  1641  1613  1544  1478  1500  1487
  1395  1292  1202  1136  1108  1099

  1375  1310  1383  1386  1251  1223  1213  1226  1292  1387
  1309  1330  1259  1256  1251  1238  1159  1320  1355  1198
  1217  1232  1302  1417  1592  1621  1563  1462  1416  1392
  1412  1300  1205  1146  1104  1098

  1380  1274  1295  1301  1243  1218  1202  1254  1231  1245
  1248  1255  1265  1244  1235  1238  1241  1193  1186  1174
  1210  1228  1248  1352  1520  1549  1551  1462  1399  1345
  1309  1273  1230  1199  1127  1102

  1383  1287  1301  1300  1259  1219  1193  1189  1199  1197
  1246  1242  1236  1235  1230  1235  1291  1389  1162  1122
  1146  1217  1231  1245  1400  1430  1484  1465  1419  1367
  1303  1265  1234  1212  1182  1121

  1475  1294  1275  1298  1266  1243  1188  1162  1178  1218
  1232  1229  1223  1220  1224  1248  1257  1316  1207  1165
  1115  1155  1214  1228  1271  1320  1441  1538  1471  1401
  1329  1292  1266  1292  1284  1166

  1276  1369  1247  1234  1230  1208  1196  1157  1169  1194
  1206  1222  1221  1220  1222  1274  1252  1245  1229  1193
  1153  1104  1157  1208  1228  1263  1432  1530  1495  1435
  1385  1328  1322  1324  1408  1449
