9667	34.8053	-107.7366	2385	39.4	-14.6731
9665	34.7906	-107.6903	2338	36.9	-13.932
9666	34.8006	-107.6433	2230	27.1	-13.8503
9597	34.7856	-107.4538	1776	6.2	12.0992
9598	34.8108	-107.0291	1558	-44	-7.8689
9563	34.8073	-106.8906	1627	-37	-11.9913
9562	34.8134	-106.7583	1508	-51.2	-14.8697
9561	34.8083	-106.7333	1488	-53.3	-14.3792
9560	34.7976	-106.5864	1594	-44.5	-9.0896
9516	34.8104	-106.3288	2294	79.2	32.1973
9513	34.7973	-106.2529	2049	46.5	20.5246
9515	34.8121	-106.1481	1919	14.1	-14.5585
9514	34.8119	-106.0781	1881	5.9	-29.2721
9435	34.8107	-105.73	1962	26.5	-19.7762
9434	34.8122	-105.655	2067	35.7	-16.5925
9433	34.813	-105.6133	2046	40.3	-5.9768
9432	34.8099	-105.5688	1972	45.5	11.1095
9431	34.7918	-105.55	1953	45.6	13.6435
9344	34.813	-105.4733	1921	41.7	18.3085
9343	34.8025	-105.4333	1877	36	19.5198
9663	34.7764	-107.7294	2363	37.9	-13.5618
9661	34.7581	-107.6419	2231	27.9	-12.43
9660	34.7544	-107.5878	2190	28.5	-8.7848
9662	34.7793	-107.5569	2189	29.6	-8.3422
9596	34.7746	-107.4026	1775	5.8	11.9066
9558	34.7599	-106.7454	1473	-56.2	-18.3574
9559	34.7804	-106.5463	1653	-15.9	13.3456
9512	34.7811	-106.3814	2330	82.9	35.6583
9511	34.7829	-106.2361	2017	35.4	10.0929
9508	34.7541	-106.1476	1917	17.8	-13.2028
9510	34.7829	-106.1134	1901	11.2	-22.2645
9509	34.7683	-106.0536	1863	5.6	-31.5914
9427	34.7665	-105.985	1855	4.1	-37.1349
9426	34.7665	-105.9333	1857	2.8	-41.0306
9425	34.7665	-105.8783	1867	12.9	-32.0804
9423	34.7665	-105.825	1867	13.8	-29.3227
9422	34.7665	-105.7733	1893	23.8	-19.3223
9429	34.7682	-105.72	1932	28.4	-15.4481
9428	34.7738	-105.655	2025	43.9	-5.1115
9421	34.7535	-105.5283	1931	49.3	19.633
9341	34.7763	-105.475	1950	50.7	22.7852
9334	34.7608	-105.375	1934	41.6	19.5639
9333	34.7535	-105.3233	1862	33.6	20.6299
9339	34.7812	-105.2333	1781	27.1	25.5396
9658	34.7401	-107.5528	2219	38.5	-2.167
9594	34.7253	-107.4658	1810	7.9	12.0467
9593	34.7204	-107.4291	1788	7.6	14.1071
9595	34.7474	-107.3239	1924	23.9	14.5299
9557	34.7351	-106.9656	1546	-36.4	-1.4152
9553	34.7249	-106.7528	1470	-58.7	-21.3259
9556	34.7446	-106.7029	1481	-54.5	-14.3548
9552	34.7333	-106.6289	1540	-54.9	-17.3424
9555	34.7341	-106.6043	1558	-49.8	-13.0886
9554	34.7334	-106.5503	1622	-15.1	16.0404
9506	34.7353	-106.3458	2144	60.4	28.225
9501	34.7206	-106.2678	2018	32.3	7.2971
9505	34.7394	-106.2008	1944	20	-5.4542
9504	34.7394	-106.1658	1932	20.9	-9.3224
9503	34.7396	-106.0601	1864	16.1	-21.7721
9502	34.7394	-106.0079	1854	8.8	-31.8875
9418	34.7233	-105.9833	1855	6.8	-35.8779
9417	34.7298	-105.9333	1854	4	-40.5962
9416	34.724	-105.7183	1913	27.9	-15.3253
9420	34.7388	-105.6567	1976	36.3	-8.682
9419	34.7397	-105.6	1974	41.1	1.3926
9332	34.7372	-105.4733	1910	41.3	16.6004
9327	34.733	-105.44	1975	46.1	15.8313
9326	34.7217	-105.4	1997	48.8	17.6387
9331	34.7372	-105.2667	1870	35.3	21.8783
9330	34.7372	-105.2167	1826	33.1	25.6718
9656	34.7136	-107.7288	2265	27	-11.8525
9655	34.7034	-107.6584	2211	25.7	-10.1886
9652	34.6841	-107.6318	2214	28	-8.6014
9654	34.7058	-107.5773	2191	30.9	-5.427
9591	34.6953	-107.2033	1919	34.7	29.6924
9592	34.7099	-107.1683	1836	28.4	32.6709
9590	34.6971	-107.1143	1746	15.2	30.4256
9551	34.7029	-106.7171	1470	-58.1	-19.4796
9550	34.6944	-106.6593	1525	-54	-18.1052
9549	34.6921	-106.5129	1717	2.4	21.6094
9500	34.7011	-106.4016	2855	121.7	26.6428
9498	34.6986	-106.3476	2131	58.8	26.2164
9499	34.7104	-106.1306	1883	25.4	-6.1505
9415	34.707	-105.8783	1856	7	-38.4553
9414	34.7095	-105.825	1866	14.9	-29.9105
9413	34.707	-105.655	1964	38.2	-6.6455
9412	34.7028	-105.6	1970	46.6	5.7362
9411	34.7102	-105.53	1945	47.2	14.0977
9322	34.6932	-105.47	1889	41.1	17.0127
9321	34.6907	-105.43	1914	44.3	19.6431
9324	34.7095	-105.3333	1919	43.1	22.002
9323	34.7078	-105.2667	1822	33.2	24.1843
9320	34.6848	-105.2167	1778	25.5	21.9009
9651	34.6754	-107.6986	2226	24.3	-10.5043
9650	34.6674	-107.5636	2230	35.4	-4.2299
9589	34.6524	-107.2216	1876	27.9	28.0873
9588	34.6524	-107.1669	1812	19.4	27.1177
9547	34.6529	-106.7361	1468	-54.7	-19.5299
9548	34.6698	-106.6039	1565	-48.8	-15.8663
9497	34.6671	-106.3156	2075	43.3	12.6772
9491	34.6524	-106.2533	1961	21.8	-0.9713
9490	34.6524	-106.2361	1951	19.4	-4.444
9495	34.6818	-106.1833	1926	24.3	-4.5859
9494	34.6668	-106.1306	1892	27.8	-6.1019
9493	34.6816	-106.0604	1862	20.5	-18.5863
9492	34.6814	-106.0076	1853	16.6	-25.3614
9407	34.6628	-105.9117	1861	19.8	-27.543
9406	34.6507	-105.8267	1882	14.2	-33.9671
9410	34.6792	-105.7717	1895	20.6	-25.6781
9409	34.6792	-105.7167	1933	30.3	-16.7067
9405	34.6662	-105.655	1964	36.6	-9.8771
9408	34.671	-105.6	1941	45.3	6.2762
9404	34.6628	-105.5333	1890	44.7	15.4759
9314	34.6529	-105.4739	1867	40.4	16.8383
9317	34.6792	-105.375	1918	45.6	22.259
9316	34.6743	-105.3117	1924	39.6	17.3169
9644	34.6306	-107.7799	2359	34.2	-10.8117
9646	34.6418	-107.6783	2245	26.3	-10.3773
9587	34.6233	-107.1676	1773	5.6	18.0722
9546	34.6379	-106.7796	1464	-50.5	-14.337
9545	34.6179	-106.5706	1605	-26.3	0.7942
9489	34.6414	-106.3428	2089	43.8	12.5529
9488	34.6378	-106.1833	1907	24.1	-4.2167
9487	34.6379	-106.0606	1864	24.2	-15.9065
9403	34.6199	-105.9033	1884	29.3	-21.0767
9402	34.627	-105.86	1872	16.8	-31.6762
9401	34.6245	-105.6917	1938	32.5	-15.3279
9400	34.6293	-105.645	1940	44.7	0.2947
9399	34.622	-105.5833	1935	49.9	11.0313
9311	34.6473	-105.445	1863	41.1	19.4691
9310	34.6392	-105.395	1881	42.2	20.7534
9309	34.6352	-105.3133	1904	35.4	13.9415
9307	34.6203	-105.2633	1855	30.9	15.646
9308	34.6442	-105.2167	1797	23.5	16.6335
9638	34.5894	-107.7926	2353	32.4	-9.9359
9637	34.5969	-107.7373	2311	31.3	-8.1542
9636	34.5899	-107.7044	2437	43.7	-10.9596
9641	34.6049	-107.6371	2082	10.7	-8.3577
9640	34.6124	-107.5989	2056	11.3	-6.7438
9639	34.6094	-107.5358	2209	32.1	-4.0921
9586	34.6096	-107.4654	2125	26	-1.541
9585	34.6093	-107.3874	1875	5	5.1674
9583	34.5858	-107.3471	1905	18.2	15.6225
9584	34.6086	-107.2216	1827	16.2	22.673
9542	34.5943	-106.7364	1489	-48.9	-18.7836
9544	34.6088	-106.6956	1513	-49.7	-18.6672
9543	34.6136	-106.6403	1543	-45.3	-14.3174
9486	34.6164	-106.3856	2259	70	22.4143
9482	34.5981	-106.2781	1990	28.2	1.3791
9485	34.6089	-106.2359	1944	19.2	-5.6514
9484	34.6089	-106.1838	1920	24.6	-5.9842
9483	34.6101	-106.1274	1897	32.1	-4.1786
9481	34.5896	-106.0231	1856	33.7	-8.8628
9394	34.5902	-105.975	1853	37.9	-7.1073
9398	34.613	-105.9233	1870	30.4	-18.2808
9397	34.6073	-105.825	1924	23.7	-29.9683
9396	34.6073	-105.7833	1945	28	-26.3889
9393	34.5845	-105.715	1946	44	-7.4324
9392	34.5927	-105.6333	1953	50.6	4.4579
9395	34.6073	-105.5283	1916	47.6	13.5445
9305	34.6073	-105.4517	1861	41.3	17.9562
9300	34.5966	-105.3416	1910	40.8	16.5463
9298	34.591	-105.2917	1856	32	15.1267
9297	34.5853	-105.245	1832	25	11.8156
9302	34.6008	-105.1933	1817	21.4	11.9022
9630	34.5636	-107.7248	2334	32.9	-8.3909
9629	34.5524	-107.6738	2176	16.7	-8.8813
9628	34.5526	-107.6391	2050	5.7	-8.2989
9627	34.5639	-107.5891	1996	4.9	-5.4693
9633	34.5804	-107.5333	2203	28.9	-5.1353
9626	34.5506	-107.5148	1893	-1.1	-0.308
9578	34.5649	-107.4803	1872	1.1	3.3419
9577	34.5579	-107.4283	1826	1.9	8.7044
9582	34.5796	-107.3933	1849	3.3	6.8409
9581	34.5818	-107.2599	1889	20.5	20.3103
9580	34.5716	-107.1813	1773	-1.3	11.7942
9579	34.5793	-107.0196	1594	-40.2	-10.7556
9539	34.5601	-106.7884	1454	-45.3	-10.7497
9541	34.5746	-106.6624	1543	-39.2	-11.334
9538	34.5501	-106.6383	1544	-32.3	-4.2857
9540	34.5748	-106.6074	1559	-34.8	-6.1345
9480	34.5689	-106.3789	2223	69.1	22.4048
9477	34.5651	-106.3106	2081	46.8	10.5918
9476	34.5654	-106.2753	2016	33.7	2.4825
9475	34.5653	-106.2401	1983	24.9	-5.239
9479	34.5796	-106.1568	1918	31	-4.0904
9478	34.5813	-106.0999	1907	34.3	-7.1344
9474	34.5524	-106.0304	1859	38.1	-4.165
9391	34.5772	-105.885	1868	25.4	-23.5095
9389	34.564	-105.8333	1949	28.7	-28.1979
9388	34.5632	-105.7733	1966	40.4	-16.4501
9390	34.5778	-105.5817	1888	44.6	9.4965
9387	34.564	-105.53	1907	44.6	10.0554
9292	34.5632	-105.4417	1927	45.6	14.0713
9294	34.5763	-105.4017	1880	39.9	16.1935
9291	34.5607	-105.355	1910	37	11.2048
9290	34.5508	-105.2833	1857	26.9	9.023
9289	34.5533	-105.2167	1790	20.2	11.7488
9622	34.5363	-107.7629	2176	15.7	-5.5886
9620	34.5228	-107.6179	2048	6.2	-7.3777
9576	34.5363	-107.3573	1880	17.3	18.742
9575	34.5469	-107.2934	1988	29	18.4529
9573	34.5206	-107.1333	1718	-7	11.2226
9574	34.5438	-107.1098	1685	-20.2	1.4339
9537	34.5174	-106.7988	1452	-42.5	-8.343
9473	34.5359	-106.4366	2027	40.6	17.4047
9470	34.5214	-106.2971	2013	37.8	6.4059
9469	34.5199	-106.2424	1990	28	-4.4531
9472	34.5359	-106.1918	1955	28	-7.2545
9471	34.5376	-106.0826	1904	40.5	-2.611
9386	34.537	-105.9817	1853	37.8	-6.2357
9385	34.5412	-105.9	1863	27.4	-20.1102
9381	34.528	-105.7633	1941	34.7	-17.9242
9384	34.5427	-105.7133	1940	34.9	-15.5031
9383	34.5485	-105.6333	1931	40	-4.1701
9382	34.5355	-105.5817	1920	37.1	-1.6444
9380	34.5265	-105.5283	1872	39	8.4166
9285	34.5207	-105.44	1943	43.1	9.1477
9284	34.5272	-105.39	1899	36.3	9.6011
9283	34.5223	-105.3183	1862	28.5	8.1546
9287	34.5466	-105.2983	1857	25.9	7.4578
9619	34.5003	-107.7883	2177	19.3	-1.2119
9618	34.5139	-107.7104	2044	2.2	-5.8343
9617	34.5069	-107.6549	1989	-0.2	-5.0224
9616	34.5143	-107.5818	1965	2.6	-2.5014
9572	34.5118	-107.4841	1874	-0.3	3.2339
9571	34.5136	-107.4359	1841	5.8	12.5169
9570	34.5079	-107.3724	1844	7.5	13.8285
9569	34.5068	-107.2823	1897	15.8	16.1797
8872	34.4924	-107.2366	1811	7.8	17.7683
8871	34.4919	-107.1329	1773	7.2	19.0069
9568	34.5083	-107.0893	1682	-12.2	8.5591
8870	34.4919	-107.0624	1690	-11.8	6.8013
8869	34.4931	-107.0093	1611	-19.8	5.031
9536	34.5149	-106.7999	1451	-40.8	-6.5477
9535	34.5136	-106.6029	1585	-17.9	5.4446
9468	34.5073	-106.1741	1977	38.7	-1.8564
9467	34.5074	-106.1209	1941	45.1	2.2615
9379	34.5077	-105.9567	1856	33	-11.4074
8677	34.4968	-105.9167	1881	35.6	-12.3222
9378	34.5117	-105.8333	1938	36.1	-18.0325
8676	34.4928	-105.7467	1903	23.2	-23.2115
8675	34.4928	-105.7067	1918	24.3	-21.8934
8674	34.4928	-105.65	1937	25.6	-19.3027
8673	34.4928	-105.5917	1837	24.1	-5.6596
8672	34.4928	-105.5167	1861	28.4	-0.324
8595	34.4838	-105.4217	1965	36.6	0.6377
8594	34.4912	-105.355	1908	32.5	5.1926
8593	34.4928	-105.265	1786	20.2	8.9415
9282	34.5077	-105.2167	1762	19.9	13.1543
8969	34.4636	-107.7774	2107	8.9	-2.9778
8968	34.4616	-107.6873	1984	-4	-5.128
8973	34.4676	-107.6461	1985	-6.5	-9.9974
8972	34.4763	-107.6073	1936	-5.9	-5.5864
8967	34.4583	-107.5616	1890	-4	1.7341
8971	34.4733	-107.5198	1937	4.3	2.7704
8866	34.4573	-107.4694	1856	2.1	9.3782
8868	34.4779	-107.4448	1910	9.7	9.9608
8867	34.4784	-107.3933	1787	-1.4	12.5305
8865	34.4636	-107.3053	1870	13.2	17.6188
8864	34.4633	-107.2191	1824	13.1	21.3792
8863	34.4578	-107.1751	1816	12.1	19.9386
8778	34.4833	-106.6949	1532	-25.3	-0.8337
8723	34.4733	-106.0283	2024	57.1	-1.6659
8669	34.4535	-105.9167	1932	44.2	-7.5227
8671	34.4773	-105.8733	1892	44.3	-4.0367
8670	34.478	-105.8	1915	33	-16.3965
8592	34.4683	-105.3966	1912	29.6	0.1435
8591	34.4692	-105.3833	1912	31.1	2.0527
8589	34.4633	-105.3167	1866	30	7.8338
8588	34.4617	-105.2133	1761	20.9	13.2779
8963	34.4256	-107.7759	2069	4.1	-2.4598
8962	34.4333	-107.6983	2089	5.6	-5.7244
8961	34.4211	-107.6628	2148	6.7	-12.7454
8965	34.4346	-107.6199	2004	-1.5	-6.9859
8960	34.4279	-107.5146	1888	5.8	11.1255
8861	34.4271	-107.4483	1829	4.8	15.93
8862	34.4344	-107.4104	1838	3.2	12.7438
8860	34.4283	-107.2116	1867	18.7	22.0369
8858	34.4191	-107.1683	1867	22.2	23.7167
8857	34.4194	-107.1334	1903	25.2	21.6036
8856	34.4213	-107.0429	1867	30.1	27.2648
8777	34.4441	-106.9341	1538	-29.9	-3.5444
8776	34.4186	-106.8328	1444	-40.7	-7.3923
8775	34.4199	-106.7491	1521	-27.7	-6.2837
8774	34.4254	-106.6521	1570	-14.8	5.6326
8773	34.4233	-106.5183	1747	15.1	18.356
8718	34.4299	-106.4266	1768	15.4	16.2025
8721	34.4433	-106.3699	1836	19.5	10.042
8720	34.4483	-106.2991	1941	27.9	2.2796
8717	34.4299	-106.1916	2053	48.4	0.6932
8719	34.4416	-106.1016	2045	57.4	1.8413
8663	34.4192	-105.9933	2027	55.1	-3.7958
8662	34.4225	-105.8833	1937	42.3	-8.5358
8661	34.4175	-105.8333	1917	39.8	-7.9405
8660	34.424	-105.7967	1906	34.3	-11.583
8668	34.4347	-105.7283	1916	26.6	-18.2432
8667	34.4338	-105.69	1932	27.4	-17.5357
8666	34.4487	-105.6283	1853	23.1	-10.0663
8665	34.4487	-105.5833	1843	22	-7.103
8664	34.4487	-105.53	1846	19.3	-8.1356
8584	34.4487	-105.48	1915	27.3	-5.8603
8583	34.438	-105.42	1929	31.3	-1.1812
8582	34.4248	-105.3567	1887	30.2	4.0159
8954	34.3983	-107.7551	2141	9.6	-4.1357
8953	34.3949	-107.6089	2040	3.2	-5.1772
8957	34.4128	-107.5638	1940	0.4	1.468
8853	34.3986	-107.4893	1908	8.7	12.3895
8852	34.3868	-107.4313	1876	8.5	15.6573
8855	34.4156	-107.3403	1790	3.5	18.4124
8854	34.4153	-107.2856	1722	0.3	22.3556
8851	34.3904	-107.1163	1866	26.2	25.8461
8772	34.4043	-106.8608	1451	-37.3	-4.7003
8771	34.4163	-106.8166	1443	-41	-8.0921
8770	34.4099	-106.6849	1670	-0.3	8.3082
8716	34.3908	-106.2416	2146	51.3	-2.0902
8715	34.3899	-106.0141	1981	49.8	-2.39
8658	34.384	-105.7983	1920	36.9	-9.0398
8657	34.3897	-105.635	1940	34.4	-7.4097
8659	34.4003	-105.5833	1928	29.7	-7.9602
8580	34.4085	-105.4733	1942	31.4	-4.627
8575	34.393	-105.3167	1850	21.2	-0.3938
8579	34.4043	-105.2617	1802	22	7.1021
8578	34.4118	-105.2117	1746	16.6	9.6537
8952	34.3753	-107.7921	2166	13.6	-3.0975
8951	34.3833	-107.6841	2248	15.9	-13.1452
8948	34.3538	-107.5864	2137	12.7	-5.6819
8947	34.3623	-107.5524	2042	8.1	-1.0254
8848	34.3598	-107.3566	2128	24.7	5.8341
8850	34.3808	-107.2291	1681	-2.4	24.0005
8847	34.3541	-107.1709	1646	-4.3	23.8543
8849	34.3754	-107.0614	1811	21.1	24.0955
8769	34.3596	-106.9974	1568	-5.6	20.4518
8714	34.3716	-106.4283	1890	25.6	10.2605
8712	34.3608	-106.1883	2048	46.8	-1.5071
8713	34.3766	-106.1016	1978	47.7	0.6048
8656	34.3667	-105.9983	1959	45.4	-4.3379
8655	34.3765	-105.9067	1956	42.5	-8.7302
8654	34.3765	-105.7483	1937	37.8	-7.9849
8653	34.3748	-105.6933	1944	38.8	-5.8722
8652	34.3649	-105.5033	1979	37	-4.0558
8572	34.3822	-105.3717	1876	23.7	-2.2539
8571	34.3748	-105.2633	1828	21.9	3.4396
8570	34.3617	-105.195	1758	7.7	-1.2196
8941	34.3296	-107.7678	2369	33	-6.6666
8945	34.3466	-107.7273	2262	20.1	-8.8975
8944	34.3359	-107.6891	2483	40.9	-11.949
8940	34.3228	-107.6376	2311	25.7	-11.534
8939	34.3178	-107.5956	2314	28.7	-9.259
8846	34.3409	-107.4874	2020	9.9	3.1158
8841	34.3233	-107.4714	2078	15.4	2.5253
8840	34.3303	-107.4313	2014	15.2	9.1092
8839	34.3243	-107.3796	2020	14.1	7.2197
8845	34.3383	-107.2753	1867	6.7	15.8672
8844	34.3473	-107.2316	1761	3	21.6306
8838	34.3196	-107.1491	1684	-5	17.9281
8837	34.3233	-107.1036	1608	-9.6	18.7631
8843	34.3358	-107.0636	1573	-12.9	16.9948
8842	34.3378	-107.0149	1526	-15.3	16.6802
8765	34.3299	-106.8991	1496	-29.6	-2.4957
8767	34.3499	-106.7366	1596	-5.6	6.5254
8764	34.3243	-106.7056	1632	-2.5	6.422
8766	34.3459	-106.6196	1675	5.3	13.8436
8762	34.3303	-106.5128	1937	35	13.0449
8711	34.3466	-106.4816	1880	29.8	14.696
8709	34.3199	-106.4174	1985	32.2	4.4309
8710	34.3399	-106.2883	2099	47.7	0.5228
8646	34.3298	-105.975	1952	40.8	-7.687
8651	34.347	-105.86	1952	35.8	-13.7678
8650	34.338	-105.7667	1964	43.2	-5.1244
8649	34.347	-105.6567	1959	41.8	-2.4021
8648	34.347	-105.585	1948	38.4	-0.9938
8647	34.3413	-105.5167	1963	39.4	-0.1412
8565	34.3313	-105.45	1911	34.3	2.0922
8567	34.3428	-105.3933	1875	31.5	4.6639
8566	34.3487	-105.315	1860	23.7	0.2577
8564	34.3298	-105.25	1814	20.6	2.8042
8934	34.2866	-107.7741	2528	52.2	-5.6442
8933	34.2976	-107.7169	2310	25.5	-8.9458
8932	34.2889	-107.6374	2173	8.8	-12.4622
8937	34.3108	-107.5094	2167	17.8	-3.5652
8835	34.2998	-107.4381	2099	22.1	7.7899
8834	34.2863	-107.3643	2149	17.2	-2.6328
8833	34.2891	-107.2711	2051	22.5	13.6717
8836	34.3133	-107.2386	1872	10.9	18.8134
8832	34.2883	-107.2091	1807	3.5	17.6607
8761	34.3146	-106.8091	1510	-15.8	7.7886
8708	34.3033	-106.4841	1921	31	9.7958
8705	34.2891	-106.3583	1911	26.5	2.9325
8707	34.3033	-106.1008	1976	42.8	-2.8188
8706	34.3166	-106.0491	1951	40.9	-4.6771
8639	34.2945	-105.8583	2040	42.6	-14.7425
8645	34.3003	-105.82	2062	43.7	-15.6103
8644	34.3027	-105.7667	2013	42	-10.4693
8643	34.3027	-105.71	2011	47.4	-3.2658
8642	34.3027	-105.66	1990	47.7	1.0054
8638	34.2855	-105.6167	2015	55.2	8.1407
8641	34.3035	-105.55	1974	44.9	3.8791
8640	34.315	-105.5	1945	40.5	3.4139
8562	34.3027	-105.335	1861	26.5	1.867
8561	34.3003	-105.25	1802	18.8	1.7543
8560	34.3003	-105.1967	1813	17.1	0.9394
8931	34.2766	-107.6763	2198	7.8	-15.653
8926	34.2599	-107.5874	2255	19.7	-11.1265
8925	34.2606	-107.5494	2278	24.5	-8.8508
8829	34.2641	-107.4864	2240	28.1	-0.5483
8831	34.2719	-107.4186	2294	36.8	3.0422
8828	34.2601	-107.3056	2323	45.4	7.4845
8827	34.2599	-107.1666	1761	-11.3	5.6029
8830	34.2741	-107.0683	1749	-3.7	6.3459
8758	34.2546	-106.9836	1611	-0.9	19.2814
8757	34.2549	-106.9099	1421	-32.3	3.0284
8756	34.2516	-106.8383	1486	-16.7	10.1695
8760	34.2676	-106.7289	1587	-6.7	5.8624
8755	34.2646	-106.6469	1767	26.9	20.9919
8759	34.2741	-106.5374	1932	38.8	15.4795
8703	34.2633	-106.4849	1847	27.7	13.7495
8702	34.2649	-106.2383	1959	30	-6.0355
8704	34.2749	-106.1841	2024	40.8	-5.5406
8636	34.2608	-105.9933	1946	37	-7.848
8635	34.26	-105.94	1974	38.5	-10.3044
8634	34.26	-105.8883	2050	44.9	-12.3932
8633	34.2583	-105.7017	2097	57	-1.5408
8632	34.2516	-105.5949	2033	52.7	4.9621
8637	34.274	-105.5167	1954	43.8	5.7013
8557	34.274	-105.4633	1939	43.3	7.7009
8553	34.2558	-105.4133	1889	42.2	13.0315
8556	34.274	-105.35	1881	36.2	8.916
8555	34.274	-105.3	1843	26.1	3.5668
8922	34.2249	-107.6088	2246	18.4	-10.0886
8825	34.2333	-107.4461	2202	32.1	8.974
8824	34.2206	-107.2944	2077	21.5	11.4987
8823	34.2326	-107.2616	1969	13.5	14.765
8826	34.2454	-107.2004	1823	0.8	13.904
8822	34.2274	-107.1266	1767	-12.9	0.6085
8753	34.2316	-106.9183	1420	-37.7	-1.6602
8752	34.2308	-106.7938	1552	-14.9	2.6898
8751	34.2316	-106.7833	1561	-11.8	4.4026
8750	34.2283	-106.5583	1864	34	16.7443
8700	34.2299	-106.4358	1844	18.9	4.3602
8699	34.2283	-106.3516	1807	17.1	3.4589
8698	34.2224	-106.2333	1944	29.6	-5.3765
8701	34.2483	-106.0983	1929	33	-6.0055
8697	34.2316	-106.0224	1944	36.1	-6.7612
8696	34.2266	-106.0041	1955	29.5	-15.01
8630	34.2215	-105.64	2086	62.3	7.4907
8631	34.2445	-105.585	2032	54.6	7.5195
8629	34.219	-105.5433	2004	50.1	7.0326
8550	34.2173	-105.325	1814	23.9	3.5384
8551	34.2485	-105.26	1782	14.4	-1.5339
8549	34.2173	-105.2233	1755	10.3	-2.115
8920	34.2099	-107.7679	2277	24.8	-5.2925
8919	34.2166	-107.7369	2235	16.2	-9.3705
8918	34.2129	-107.6779	2148	-1.3	-18.2164
8917	34.2106	-107.5316	2247	20.5	-7.4845
8819	34.1889	-107.4849	2366	39.6	0.5019
8818	34.1916	-107.4449	2274	35	6.4103
8817	34.1936	-107.3771	2127	9.8	-2.8645
8816	34.1896	-107.3259	2068	12.1	5.2201
8815	34.1991	-107.2666	2022	18	14.448
8821	34.2016	-107.2008	1841	5.4	17.9968
8820	34.2154	-107.0611	1815	4.1	6.8052
8749	34.1873	-106.7999	1540	-19.9	-1.9062
8748	34.1999	-106.7133	1662	4	7.1038
8747	34.1849	-106.6233	1883	33.6	12.8562
8628	34.2148	-105.9983	1974	39.3	-7.2019
8627	34.2008	-105.9567	1974	37.4	-9.7279
8626	34.2165	-105.9017	2045	45.3	-10.2192
8625	34.214	-105.8333	2139	52.3	-12.7621
8623	34.1853	-105.79	2182	57.1	-10.8594
8624	34.2098	-105.6933	2125	63.9	3.5369
8548	34.2008	-105.495	1945	42.4	6.3401
8547	34.2132	-105.375	1846	31.6	7.3368
8912	34.1696	-107.7858	2228	21.8	-2.4681
8909	34.1553	-107.7158	2159	6.3	-9.7056
8911	34.1716	-107.6323	2130	3.7	-9.8423
8910	34.1809	-107.5748	2185	18	-1.7712
8812	34.1619	-107.3909	2161	13.2	-0.8396
8811	34.1511	-107.3463	2077	8	2.7563
8813	34.1724	-107.1308	1806	-11.5	-1.0353
8746	34.1809	-106.9624	1645	-2.2	12.9055
8745	34.1824	-106.9039	1413	-45.7	-10.3524
8743	34.1583	-106.7999	1564	-10.7	3.8715
8742	34.1666	-106.5624	1850	27.7	10.599
8695	34.1783	-106.4666	1744	13.6	9.0318
8692	34.1616	-106.3866	1754	16.4	9.4584
8691	34.1591	-106.2899	1811	18.3	1.2755
8690	34.1641	-106.1983	1994	37.7	-4.007
8694	34.1716	-106.1166	1899	24.7	-9.454
8693	34.1733	-106.0299	1898	25.8	-10.9531
8622	34.1713	-105.9983	1902	25.4	-12.5846
8620	34.1523	-105.76	2133	49.3	-12.1763
8621	34.1812	-105.6383	2030	52.6	4.6499
8545	34.1738	-105.4583	1899	37.9	7.379
8544	34.1632	-105.35	1831	23	0.1424
8905	34.1409	-107.7856	2199	18.4	-2.2822
8901	34.1199	-107.7159	2157	8	-6.709
8904	34.1408	-107.6708	2139	3.3	-10.0204
8903	34.1346	-107.5936	2128	6.3	-4.8848
8902	34.1424	-107.5319	2205	19.8	0.6013
8806	34.1189	-107.4879	2192	23.5	8.0166
8810	34.1449	-107.4584	2258	31.9	7.8626
8809	34.1469	-107.2836	1993	10.5	13.158
8805	34.1291	-107.2083	1963	9	12.0499
8807	34.1408	-107.0416	1851	0.8	-1.5645
8740	34.1333	-106.9091	1435	-45.1	-12.6364
8741	34.1374	-106.7333	1686	5.2	3.6071
8689	34.1183	-106.4516	1680	7.6	9.4388
8616	34.1277	-105.9983	1890	20.1	-15.8596
8619	34.1408	-105.7	2092	55.7	-0.1424
8618	34.1483	-105.645	2025	49.9	2.6953
8617	34.1368	-105.5917	1963	39.9	2.3199
8542	34.1377	-105.425	1835	31.6	8.606
8539	34.1212	-105.2167	1662	1.9	-1.6827
8895	34.0929	-107.7674	2166	19.7	4.0327
8894	34.0916	-107.7283	2148	4.5	-8.3529
8898	34.1053	-107.6289	2125	5.1	-4.6671
8893	34.0974	-107.5806	2125	3.5	-4.9933
8892	34.0846	-107.5419	2129	5.6	-1.7252
8804	34.1088	-107.4324	2260	31	9.8043
8803	34.1143	-107.3733	2122	7.5	0.3999
8800	34.0963	-107.3143	2033	3.7	5.6982
8799	34.0961	-107.2639	2035	11.4	11.6623
8802	34.1116	-107.2466	2000	6.8	9.5627
8798	34.0866	-107.1999	2344	49.2	13.6752
8801	34.1001	-107.1313	1870	-2.7	3.3873
8797	34.0908	-107.0258	1754	-7.8	-0.1307
8739	34.1016	-106.8983	1436	-45.1	-13.1524
8738	34.1086	-106.8269	1525	-22.9	-3.4937
8735	34.0849	-106.7833	1584	-8.4	2.0654
8734	34.0858	-106.7274	1733	8.3	0.7614
8737	34.1049	-106.6583	1818	20.3	4.6211
8733	34.0891	-106.5924	1821	23.7	8.0202
8736	34.1066	-106.5058	1685	9.2	9.9598
8688	34.1149	-106.3674	1732	14.8	9.3439
8687	34.0841	-106.2699	1819	17.2	-1.1893
8686	34.0999	-106.1799	1954	31.4	-5.6005
8685	34.0891	-106.0733	1866	17	-13.4366
8611	34.084	-105.9983	1871	15.2	-17.9934
8615	34.1055	-105.8633	1941	20.8	-21.4578
8614	34.1097	-105.7733	2018	34.8	-14.1774
8613	34.1055	-105.655	2018	44.4	-1.9236
8612	34.108	-105.5433	1920	37.3	4.5145
8610	34.0867	-105.5	1888	31	1.3934
8538	34.1113	-105.385	1797	22.2	2.9668
8537	34.1162	-105.3317	1783	15.6	-2.5099
8536	34.1147	-105.2767	1738	11.1	-2.2426
8885	34.0536	-107.7336	2136	3.9	-6.9312
8890	34.0683	-107.6816	2130	3.5	-5.9759
8889	34.0733	-107.6286	2126	4.3	-3.8631
8884	34.0666	-107.6049	2125	2.3	-5.0333
8883	34.0649	-107.5133	2135	5.5	-0.781
8796	34.0803	-107.4794	2156	14.4	5.9034
8795	34.0736	-107.4381	2168	20.6	12.1345
8793	34.0509	-107.3998	2164	14.8	6.8631
8792	34.0536	-107.3591	2099	3.9	1.5419
8791	34.0566	-107.2346	2284	33.2	5.163
8794	34.0781	-107.0813	1856	-8.8	-7.4029
8731	34.0649	-106.9033	1408	-45.2	-10.0417
8732	34.0699	-106.5683	1994	43.9	10.8035
8684	34.0708	-106.4016	1680	10.7	12.2406
8608	34.061	-105.8883	1893	14	-22.8871
8609	34.0833	-105.6583	1992	33.6	-9.6881
8607	34.0627	-105.65	2014	38.3	-7.2497
8533	34.0553	-105.4167	1788	16.2	-2.2087
8534	34.071	-105.3283	1707	8.7	-1.5425
8532	34.061	-105.28	1646	2.1	-1.7605
8881	34.0383	-107.7686	2133	4	-7.4323
8880	34.0388	-107.6629	2152	1	-10.3224
8879	34.0386	-107.5949	2186	7.4	-6.2051
8878	34.0384	-107.5364	2163	4.6	-5.2517
8790	34.0464	-107.4679	2142	12	6.0896
8789	34.0414	-107.3036	2128	10.2	2.0814
8788	34.0403	-107.2733	2181	18.2	2.958
8787	34.0419	-107.0966	1946	6.3	-0.5753
8786	34.0499	-107.0599	1850	-10	-10.6621
8785	34.0204	-107.0096	1715	-13.4	-4.5938
8728	34.0174	-106.9278	1521	-33.9	-11.6353
8727	34.0246	-106.8946	1451	-43.6	-15.4641
8726	34.0276	-106.8169	1522	-25.6	-8.5192
8729	34.0399	-106.7283	1699	7.2	1.8237
8725	34.0266	-106.6266	1677	3.3	1.8133
8682	34.0274	-106.4716	1607	-0.3	8.9149
8681	34.0249	-106.3933	1660	8.4	12.0416
8683	34.0399	-106.3216	1724	10.8	5.3197
8680	34.0224	-106.2266	1870	21.7	-2.7951
8679	34.0183	-106.1174	1875	16.5	-12.9606
8604	34.0216	-105.9933	1880	16.2	-18.2675
8606	34.0472	-105.98	1876	12.5	-21.6569
8603	34.0198	-105.8883	1854	9.8	-23.4957
8605	34.0372	-105.755	1901	25.7	-9.9894
8602	34.0198	-105.6617	1996	34	-10.9184
8601	34.0198	-105.6083	1978	29.8	-11.2427
8600	34.033	-105.5133	1897	22.7	-8.5747
8530	34.0472	-105.4617	1822	19.2	-3.4256
8528	34.0198	-105.355	1783	10.6	-9.0548
8063	33.9964	-107.7896	2115	-1.9	-11.8663
8874	34.0103	-107.7161	2117	-7.2	-15.3338
8062	33.9953	-107.6806	2150	-2	-12.9513
8873	34.0028	-107.6214	2228	9.2	-9.1702
8061	33.9948	-107.5768	2281	16.3	-6.663
8060	33.9881	-107.5068	2224	11.5	-4.1176
8784	34.0033	-107.4374	2139	18.2	13.0223
8783	34.0111	-107.3911	2110	15	12.4711
8782	34.0043	-107.3503	2099	3.5	0.0137
7961	33.9941	-107.2884	2165	14.4	0.3098
8781	34.0008	-107.2689	2242	22.1	-1.1596
8780	34.0129	-107.2346	2440	53.9	7.6056
8779	34.0131	-107.0623	1949	8.9	-3.7645
8724	34.0041	-106.5583	1674	8	7.5318
7828	33.9983	-106.4083	1640	6.5	12.7945
7827	33.9883	-106.2449	1961	32.3	-0.0755
7826	33.9845	-106	1855	13.8	-18.1023
8599	34.005	-105.955	1821	5.9	-23.2234
8598	34.0165	-105.8117	1953	28	-15.1065
8597	34.0092	-105.7317	1904	27.8	-8.505
8596	34.0018	-105.5567	1923	21.9	-12.4768
8056	33.9523	-107.8083	2109	0.2	-9.4234
8058	33.9811	-107.7163	2124	-7.3	-15.9619
8055	33.9551	-107.6626	2225	12.2	-6.1266
8057	33.9716	-107.6281	2242	14.5	-5.0657
7956	33.9616	-107.4999	2286	20.2	-1.7891
7960	33.9768	-107.4783	2232	21.8	5.8295
7959	33.9744	-107.4404	2176	21	11.7674
7958	33.9794	-107.3933	2070	8.1	10.0049
7957	33.9681	-107.3214	2065	0.6	-0.8219
7955	33.9604	-107.2463	2177	22.1	4.0921
7870	33.9833	-106.6883	1737	-0.5	-10.533
7825	33.9733	-106.1899	2011	37.8	-2.8134
7824	33.9799	-106.0333	1927	21.8	-16.667
7770	33.9548	-105.9567	1748	0.3	-21.3997
7775	33.968	-105.9067	1790	4.4	-22.9743
7774	33.9697	-105.8383	1785	8.5	-18.0093
7773	33.9787	-105.7	1927	27.9	-11.4263
7772	33.9762	-105.625	1949	26.7	-12.9428
7771	33.9705	-105.5867	1939	25	-12.0303
7769	33.9655	-105.5183	1857	16.8	-11.5617
7681	33.9532	-105.4833	1842	17.2	-10.1051
7684	33.9762	-105.3867	1829	12.9	-12.5108
7683	33.9812	-105.3333	1793	12.9	-9.163
7680	33.9622	-105.3133	1730	9.2	-6.2256
8052	33.9406	-107.7403	2111	-7.5	-14.7658
8048	33.9194	-107.6326	2297	21	-3.7795
8051	33.9416	-107.5709	2377	33	0.6031
8050	33.9476	-107.5123	2343	31.1	2.968
7954	33.9373	-107.4276	2259	21.4	3.7806
7950	33.9204	-107.4001	2140	5.6	0.376
7953	33.9429	-107.3574	2010	-4.8	1.6724
7949	33.9249	-107.2616	2050	5.5	1.5952
7952	33.9366	-107.0941	2214	34.8	-5.5006
7951	33.9368	-107.0586	1989	11.3	-8.8619
7948	33.9266	-107.0206	1772	-6.3	-6.947
7869	33.9299	-106.8966	1475	-40.3	-17.9959
7868	33.9183	-106.8666	1394	-51.6	-21.5968
7867	33.9199	-106.5133	1596	-11.6	-2.4549
7823	33.9199	-106	1821	12.9	-16.0688
7767	33.9252	-105.98	1767	5.5	-18.2654
7766	33.9235	-105.9083	1737	4.8	-17.9477
7765	33.9235	-105.8567	1788	13.1	-15.4636
7768	33.9358	-105.7467	1865	25.3	-9.3512
7764	33.93	-105.65	2028	35.8	-15.0521
7763	33.9177	-105.595	2012	36.6	-10.7396
7762	33.9177	-105.5167	1881	25.8	-7.079
7678	33.9473	-105.42	1845	20.6	-7.1752
7675	33.9193	-105.395	1775	19.5	-1.508
7677	33.9457	-105.335	1761	13.1	-6.3648
7674	33.9227	-105.28	1721	14.7	-1.7815
7676	33.949	-105.19	1615	2.1	0.9285
8046	33.9083	-107.7158	2148	0.7	-9.6704
8045	33.9011	-107.5623	2513	44.3	-2.0462
8044	33.9126	-107.5126	2654	58	-1.3308
7944	33.8959	-107.3818	2077	-0.7	-0.267
7947	33.9148	-107.3393	1979	-9.3	-0.6577
7946	33.9101	-107.2864	1973	-7.9	-1.9849
7945	33.9023	-107.0148	1707	-6.2	-1.0911
7866	33.9104	-106.8038	1427	-35.7	-12.3721
7865	33.8866	-106.7316	1526	-9.6	-0.2931
7864	33.8873	-106.6856	1543	-19.3	-10.0925
7863	33.8949	-106.6233	1532	-29.6	-17.1173
7862	33.8983	-106.5999	1525	-30.5	-16.6563
7822	33.9108	-106.4501	1586	-1.1	11.0502
7821	33.9116	-106.3499	1708	15.4	14.2838
7820	33.9166	-106.0816	1885	20.1	-11.9529
7761	33.9102	-105.7917	1817	20.3	-11.1998
7760	33.902	-105.685	1971	35	-11.3613
7668	33.8953	-105.3367	1733	16.2	-1.6801
7671	33.907	-105.245	1667	17	5.8829
7670	33.9093	-105.195	1641	3.5	-2.1442
8042	33.8828	-107.7729	2114	4.4	-3.3842
8041	33.8804	-107.7474	2125	1.2	-6.7991
8040	33.8686	-107.6976	2222	8.2	-8.6539
8039	33.8708	-107.6101	2568	49	-3.13
7943	33.8804	-107.4854	3083	89.6	-5.9997
7942	33.8806	-107.3063	1860	-19.7	-0.8945
7941	33.8771	-107.2398	1918	-7.5	-0.4841
7938	33.8628	-107.1976	1973	12.3	7.4397
7940	33.8773	-107.1359	1902	6.1	2.0529
7939	33.8783	-107.0788	1861	2.4	-6.061
7937	33.8593	-107.0321	1706	-4.5	-1.2177
7861	33.8749	-106.8716	1381	-53.3	-23.3264
7819	33.8549	-106.3983	1653	9	14.9253
7818	33.8633	-106.3066	1800	25.4	13.7548
7759	33.869	-105.9883	1687	2.2	-13.43
7758	33.8833	-105.8549	1730	9.2	-13.7867
7757	33.8732	-105.8317	1773	13	-14.7444
7756	33.883	-105.665	2090	44.9	-14.2627
7755	33.8673	-105.5917	2026	44.4	-4.5084
7754	33.8648	-105.5083	1902	43.4	7.6775
7663	33.8623	-105.4283	1804	39.7	15.5493
7662	33.8657	-105.385	1768	28.8	8.148
7661	33.8657	-105.3283	1703	17.5	3.3155
7666	33.8763	-105.2183	1648	13.1	5.4979
8035	33.8374	-107.7824	2195	16	0.2408
8032	33.8231	-107.6978	2202	9.1	-4.6749
8031	33.8251	-107.6579	2290	15.1	-7.2038
8034	33.8368	-107.5788	2533	36.3	-9.8586
7933	33.8324	-107.4716	2984	86	-5.0466
7936	33.8466	-107.3391	1916	-13.7	-0.2333
7932	33.8223	-107.3046	1833	-15.9	2.7514
7935	33.8408	-107.2594	1802	-21.7	-2.2868
7931	33.8231	-107.1993	1775	-10.6	3.5224
7930	33.8286	-107.1518	1805	-1.9	2.6016
7934	33.8404	-107.0923	1767	-9.2	-8.7586
7860	33.8274	-106.8833	1376	-46.6	-17.8718
7859	33.8266	-106.7833	1464	-11	4.7513
7858	33.8266	-106.6649	1579	-9	-3.3969
7817	33.8366	-106.3999	1688	14.8	16.9774
7816	33.8396	-106.2844	1866	29.8	10.4342
7815	33.8316	-106.0649	1946	23.5	-17.4576
7749	33.8252	-105.99	1650	7.1	-5.3934
7748	33.8199	-105.9699	1653	12.3	-1.5302
7747	33.8252	-105.945	1668	12.8	-3.4961
7753	33.836	-105.8233	1769	15.8	-11.9983
7752	33.8408	-105.7783	1842	28.1	-6.112
7751	33.8483	-105.6433	2167	59.7	-7.2377
7750	33.8377	-105.5917	2025	54.3	5.249
7746	33.8227	-105.52	1940	61.8	21.8281
7655	33.8245	-105.4617	1881	53.5	20.1446
7654	33.8218	-105.42	1856	43.9	13.8743
7653	33.8245	-105.3667	1827	37	9.2728
7652	33.8227	-105.3217	1737	21.9	3.7194
7651	33.8227	-105.2467	1714	15.5	-0.5415
7657	33.8492	-105.19	1601	-2.6	-3.2246
8025	33.7941	-107.7949	2285	21.3	-3.3952
8029	33.8073	-107.7474	2176	13.6	1.7844
8024	33.7933	-107.6753	2230	13.9	-1.4654
8023	33.7903	-107.6109	2326	16	-7.364
8022	33.7861	-107.5611	2396	29.3	-1.2434
8028	33.8063	-107.5499	2443	30.5	-6.093
7929	33.8003	-107.4886	2677	55.8	-6.7861
7924	33.7861	-107.4616	2881	76	-2.2781
7928	33.8166	-107.4343	2465	37	-2.5121
7927	33.8109	-107.3746	2023	-0.3	3.1098
7923	33.7999	-107.2414	1722	-26.8	-2.6617
7922	33.7906	-107.1423	1718	-7.7	1.8306
7921	33.7878	-107.1053	1655	-14	-3.4131
7926	33.8068	-107.0539	1640	-11.4	-3.1747
7925	33.8064	-107.0189	1585	-9.3	2.8135
7857	33.7966	-106.8966	1375	-38.4	-10.6273
7812	33.7861	-106.4848	1552	-16.4	-0.6507
7814	33.8149	-106.4699	1679	10.8	13.4459
7813	33.8099	-106.2399	2035	49	9.6948
7745	33.802	-105.8883	1680	13.7	-5.6459
7744	33.8133	-105.8233	1771	23.2	-5.3011
7743	33.8099	-105.7366	1771	19.2	-0.9444
7742	33.8055	-105.6583	2044	63.6	8.9017
7741	33.8112	-105.5783	1979	64.2	20.8268
7648	33.793	-105.295	1735	22.2	3.9128
7647	33.7922	-105.2167	1667	2.3	-7.0563
8020	33.7614	-107.7686	2234	20	2.4192
8019	33.7531	-107.7116	2189	18.7	8.146
8018	33.7524	-107.6459	2189	2.9	-5.6116
7918	33.7616	-107.3949	2163	14.2	2.3532
7917	33.7639	-107.3374	1906	-7	4.4564
7920	33.7814	-107.2968	1810	-16.5	2.0283
7916	33.7544	-107.2618	1736	-17.7	4.3751
7915	33.7586	-107.2061	1649	-29.5	-5.1165
7914	33.7624	-107.1601	1651	-13	4.4692
7913	33.7618	-107.1118	1603	-7.3	8.085
7919	33.7794	-107.0403	1576	-11.8	0.6974
7856	33.7549	-106.7399	1469	-6.9	6.0351
7855	33.7513	-106.5991	1456	-36.4	-14.6876
7854	33.7649	-106.5766	1464	-36.4	-14.7264
7811	33.7516	-106.3716	2438	82.3	16.9663
7810	33.7581	-106.1151	1711	7.4	-7.1302
7740	33.779	-105.9683	1665	17.1	0.5232
7737	33.7558	-105.8783	1671	23.9	4.0561
7736	33.7665	-105.8267	1725	26.3	1.6521
7739	33.7707	-105.6867	2065	71.1	12.5499
7735	33.7632	-105.6333	2042	75	21.4081
7734	33.7665	-105.5667	1903	60.5	24.9946
7738	33.7773	-105.52	1862	55.2	23.5879
7641	33.7592	-105.455	1798	39.7	15.3847
7640	33.7533	-105.4067	1762	29.9	10.3731
7645	33.774	-105.3133	1740	21.8	2.9985
7639	33.7632	-105.245	1703	7.5	-7.3309
8015	33.7419	-107.7949	2270	23.2	1.8912
8012	33.7256	-107.6701	2078	-6.1	-2.5043
8011	33.7269	-107.6081	2203	0	-8.6311
8014	33.7431	-107.5734	2321	17.2	-3.1743
7911	33.7246	-107.4938	2219	19.8	6.5434
7912	33.7366	-107.3728	1914	-11.7	3.0587
7910	33.7211	-107.3098	1834	-14.3	-0.6769
7909	33.7213	-107.1471	1567	-17.1	4.4282
7908	33.7249	-107.0019	1439	-16.6	5.5669
7805	33.7199	-106.4949	1487	-31.6	-8.1745
7809	33.7399	-106.3633	2427	82.7	14.499
7808	33.7499	-106.0833	1659	4.5	-7.5575
7807	33.7483	-106.0483	1652	8.3	-4.6738
7731	33.7318	-105.9983	1734	26.3	1.608
7730	33.731	-105.9667	1660	22.5	5.0096
7733	33.7499	-105.9499	1661	23.5	5.6339
7729	33.7243	-105.8383	1693	31.1	8.9578
7728	33.7202	-105.7817	1804	43	10.5107
7732	33.7458	-105.7383	1923	57.4	13.0169
7727	33.7202	-105.5467	1922	50.6	11.7953
7635	33.721	-105.4433	1788	33.2	9.7095
7636	33.745	-105.3267	1757	23.4	2.6808
7634	33.7327	-105.2783	1717	14	-2.7049
8006	33.6988	-107.7866	2415	32.7	-3.7275
8005	33.6911	-107.7274	2148	11.6	6.9396
8004	33.6988	-107.5448	2134	8.4	5.7196
7904	33.6963	-107.2459	1700	-12.4	6.8327
7907	33.7099	-107.1924	1619	-22.1	-0.6059
7906	33.7106	-107.0834	1482	-29.8	-9.2953
7905	33.7109	-107.0364	1445	-24.4	-2.1559
7852	33.6933	-106.9799	1362	-35.4	-7.1285
7851	33.6849	-106.8866	1540	8.2	14.3796
7853	33.7166	-106.7949	1464	0.5	14.5167
7850	33.6899	-106.5633	1436	-40.8	-13.3729
7723	33.6897	-105.98	1612	20	8.5299
7726	33.7053	-105.9383	1608	21.7	9.5361
7722	33.6966	-105.8466	1679	32.9	12.9206
7725	33.7053	-105.6417	2083	75.6	16.4481
7724	33.707	-105.5967	2000	65.1	17.2748
7629	33.6838	-105.485	1907	43.8	5.5301
7628	33.6838	-105.4333	1897	42.2	4.9475
7627	33.698	-105.3833	1818	32	3.6349
7631	33.7028	-105.3333	1827	32.4	2.3255
7626	33.6945	-105.28	1746	16.6	-4.9578
7999	33.6799	-107.7454	2494	41.5	-0.5278
7998	33.6789	-107.6691	2016	-15.7	-5.5947
7997	33.6691	-107.6199	2125	-2.9	-4.798
7991	33.6503	-107.5711	2173	7.6	-0.568
7996	33.6673	-107.5274	2352	33.1	3.2605
7903	33.6694	-107.4878	2616	60.1	0.4855
7902	33.6763	-107.3481	2093	11.1	-3.7845
7901	33.6629	-107.2758	1814	0.7	7.0019
7900	33.6526	-107.1924	1565	-28	-6.1115
7899	33.6616	-107.1431	1514	-32.6	-11.1179
7898	33.6659	-107.0834	1464	-36.6	-17.565
7897	33.6634	-107.0321	1384	-37.4	-11.4969
7849	33.6733	-106.8216	1467	9.3	23.385
7848	33.6776	-106.6741	1453	-20.2	0.2905
7846	33.6551	-106.5391	1429	-39.9	-9.6773
7804	33.6598	-106	1607	22.2	11.5019
7717	33.6607	-105.9	1615	22	9.6675
7720	33.6813	-105.86	1661	28.5	10.7301
7716	33.6598	-105.6833	2009	66.2	15.4701
7719	33.668	-105.5533	1951	50.6	8.1838
7718	33.6772	-105.5183	1948	48.8	6.3533
7623	33.6763	-105.2417	1679	6.2	-8.1021
7985	33.6306	-107.7921	2308	32.3	9.0497
7990	33.6398	-107.7136	2142	12.5	8.2686
7989	33.6449	-107.6603	1988	-21.7	-8.8688
7983	33.6238	-107.6109	2057	-7.1	-2.716
7982	33.6216	-107.5666	2167	11.3	2.3235
7894	33.6186	-107.3041	1911	4.5	-0.6494
7893	33.6294	-107.2523	1677	-8.4	6.8839
7892	33.6208	-107.2193	1600	-14.9	3.5621
7896	33.6391	-107.1233	1476	-37.2	-16.1814
7895	33.6399	-107.1133	1464	-42.9	-21.8275
7891	33.6203	-107.0264	1361	-41.7	-16.0908
7845	33.6316	-106.8183	1454	0.3	16.0439
7803	33.6471	-106.3724	2634	98.8	17.7272
7802	33.6399	-106.3049	1754	21.8	13.9469
7801	33.6294	-106.2131	1750	14.3	0.506
7715	33.6448	-105.8717	1655	25.6	9.2532
7714	33.6367	-105.84	1699	28.4	7.6833
7712	33.6267	-105.8	1755	35.5	9.6931
7711	33.6167	-105.7667	1807	43.1	12.9058
7710	33.6317	-105.7133	1881	53.4	16.0376
7709	33.6258	-105.57	2118	73.1	11.9329
7619	33.6448	-105.4583	2071	62.5	7.5304
7615	33.6202	-105.2567	1943	35.3	-6.5018
7618	33.6473	-105.1983	1657	-2.2	-12.8457
7979	33.5858	-107.7701	2681	66.2	7.2903
7978	33.5933	-107.7053	2126	10.2	7.3745
7977	33.5929	-107.6346	1917	-23.6	-4.0983
7889	33.5863	-107.4974	2245	29.3	4.4622
7888	33.5991	-107.2649	1665	-7.8	7.2185
7887	33.5968	-107.1649	1508	-32.3	-13.2659
7890	33.6089	-107.1058	1431	-42.8	-21.6385
7844	33.5858	-106.7433	1443	-10	9.6546
7798	33.5866	-106.4783	1497	-11.7	13.0482
7800	33.6166	-106.1566	1536	1.2	4.79
7799	33.6149	-106.0699	1548	14.1	9.3343
7706	33.5927	-105.9383	1605	19.4	9.106
7705	33.5902	-105.8667	1759	36	9.3758
7707	33.6092	-105.7383	1842	48.1	15.1826
7704	33.5927	-105.71	1905	55.4	15.6712
7703	33.5902	-105.6533	2123	81.7	17.2363
7702	33.5853	-105.5733	2026	67.9	16.3458
7612	33.6035	-105.4833	2084	64.7	4.993
7611	33.6102	-105.2067	1786	11.8	-13.2816
7972	33.5563	-107.8133	2475	49.8	9.7933
7971	33.5569	-107.7111	2136	7.7	3.0472
7975	33.5684	-107.6703	2054	-7.2	-3.2377
7970	33.5583	-107.6229	1920	-15.5	1.9929
7974	33.5716	-107.6116	1919	-14.9	3.2774
7969	33.5543	-107.5554	1819	-13.9	12.7731
7886	33.5693	-107.3994	2230	32.7	-0.1778
7883	33.5631	-107.3519	1956	7.3	-3.0272
7882	33.5559	-107.3024	1794	-3	-2.7285
7885	33.5736	-107.2533	1689	-8	-0.1982
7884	33.5689	-107.2164	1617	-13	-2.3922
7880	33.5654	-107.1583	1503	-33.8	-17.8591
7879	33.5656	-107.0923	1389	-43.8	-22.8893
7842	33.5783	-106.7416	1443	-7.8	12.1482
7841	33.5766	-106.6983	1451	-11.7	10.4539
7840	33.5716	-106.6666	1436	-16	10.0087
7836	33.5616	-106.6283	1436	-19.2	9.6504
7834	33.5624	-106.5999	1427	-24.1	7.2232
7832	33.5641	-106.5599	1425	-26.8	5.9791
7830	33.5658	-106.5283	1439	-25.6	5.8877
7838	33.5833	-106.5049	1465	-22.8	5.5382
7796	33.5683	-106.4549	1549	3.3	22.2059
7795	33.5566	-106.4466	1585	9.2	23.7778
7696	33.5595	-105.9967	1585	27.7	18.0985
7701	33.5695	-105.9683	1583	22.8	14.3695
7695	33.5553	-105.8617	1872	48.8	10.4918
7694	33.5562	-105.7033	1974	63.6	16.0759
7699	33.5812	-105.6833	1997	67.5	17.2808
7698	33.5778	-105.6167	2039	70.6	16.2683
7693	33.5562	-105.5933	1979	65	18.0212
7697	33.5703	-105.5067	1942	53.5	6.8503
7606	33.5538	-105.2033	1814	17.2	-14.7855
7968	33.5451	-107.7639	2307	36.3	13.8339
7965	33.5208	-107.6979	2050	-4.8	-1.2029
7964	33.5331	-107.6499	1984	-12.5	-2.8844
7877	33.5279	-107.2478	1657	-14.3	-7.5414
7878	33.5366	-107.1999	1532	-32	-15.9729
7876	33.5174	-107.1633	1421	-41.4	-18.0277
7829	33.5249	-106.9933	1439	-11.4	2.4583
7794	33.5349	-106.4349	1588	12.9	26.6044
7790	33.5216	-106.4066	1508	3.1	23.9043
7793	33.5416	-106.1783	1417	-14.4	0.2977
7690	33.5197	-105.73	2142	73.5	8.7859
7689	33.5188	-105.6683	2127	82.1	16.6911
7688	33.5223	-105.62	2061	75.4	17.9743
7692	33.5438	-105.5667	1936	60.4	17.7019
7691	33.543	-105.5367	1901	52.6	11.7592
7687	33.5247	-105.5067	1897	50.8	7.9339
7598	33.5197	-105.465	1832	47	10.2644
7597	33.5247	-105.4333	1795	42.3	9.7492
7604	33.5422	-105.415	1882	51.7	9.1573
7603	33.5363	-105.3683	1962	53.9	0.9001
7602	33.5388	-105.3333	1974	48.6	-5.6446
7601	33.5455	-105.2833	2020	49.8	-8.4831
7600	33.5388	-105.2433	1892	34.9	-8.9852
7963	33.5046	-107.6721	2026	-4.9	-0.3956
7962	33.5068	-107.6258	2167	20.2	7.1718
6959	33.4916	-107.5166	1757	-20.4	2.8288
7875	33.5158	-107.4713	2062	14.8	0.567
7874	33.5036	-107.4211	2115	34.1	7.3592
6898	33.4891	-107.3594	2002	18.8	-3.8745
7873	33.5144	-107.3413	1952	12.6	-4.1336
7872	33.5103	-107.2191	1555	-23.9	-10.295
6897	33.4996	-107.0084	1442	-18.1	-4.8371
6707	33.4941	-106.4083	1411	-15.1	16.8496
6706	33.4949	-106.3683	1427	-10.6	15.6807
6704	33.4966	-106.3416	1411	-14.7	11.3586
6703	33.4949	-106.3099	1440	-6.5	13.2675
6701	33.4999	-106.2583	1412	-16	1.7869
7785	33.5024	-106.2366	1403	-19.1	-2.0312
7783	33.5083	-106.2083	1394	-17.8	-0.8421
7781	33.5108	-106.1683	1384	-20.8	-5.1475
7779	33.5074	-106.1449	1390	-18.7	-5.6204
6700	33.4933	-106.1016	1446	4.3	6.9636
6699	33.4849	-106.0516	1531	17.7	9.7116
7776	33.5116	-106.0416	1548	23.5	15.1524
7686	33.509	-105.9667	1697	29.2	6.645
7685	33.514	-105.8383	2117	71.4	9.8911
6653	33.4916	-105.7433	2531	114.7	7.9015
6652	33.4857	-105.6683	2143	83.9	16.8151
6651	33.4948	-105.5217	1893	51.6	9.67
7596	33.509	-105.4083	1774	36.7	5.6069
6554	33.4915	-105.3817	1745	33.2	4.393
6957	33.4733	-107.7999	2210	26.4	14.8017
6955	33.4803	-107.7586	2176	25.6	16.6079
6954	33.4773	-107.7273	2176	17.4	6.9252
6950	33.4666	-107.6749	2105	0.8	-5.3208
6949	33.4553	-107.5184	1750	-11.1	9.989
6894	33.4654	-107.3059	1828	5.5	-5.6816
6896	33.4811	-107.2613	1650	-12	-6.9776
6893	33.4566	-107.2426	1571	-20.9	-11.1236
6895	33.4781	-107.1948	1460	-35.7	-16.1987
6778	33.4649	-106.9183	1426	-5.8	12.6749
6698	33.4721	-106.3839	1431	-5.9	20.0795
6697	33.4833	-106.0883	1479	10.9	8.2599
