4162	32.3916	-107.7249	1443	11	12.2085
4161	32.3988	-107.7078	1438	20.1	22.4978
4166	32.4066	-107.6699	1436	19.3	22.5641
4159	32.3999	-107.6099	1389	1.2	9.3416
4164	32.4106	-107.5239	1348	-6	6.43
4156	32.3874	-107.5088	1327	-1.2	12.6446
3955	32.3866	-107.4666	1326	-1.2	11.9876
3953	32.3874	-107.1533	1401	4.8	1.7442
3957	32.4019	-107.1266	1416	9.2	3.8702
3956	32.4103	-107.0754	1450	12.8	2.471
3807	32.4016	-106.9899	1369	-3.9	-7.6117
3806	32.4066	-106.9416	1500	17.6	-0.8952
3805	32.4049	-106.8533	1197	-24.9	-5.968
3792	32.3966	-106.8316	1196	-27.7	-7.186
3791	32.3966	-106.8149	1215	-21.5	-1.7892
3803	32.4033	-106.7516	1326	-1.9	10.9445
3789	32.3908	-106.7266	1327	-4.6	8.8653
3801	32.4016	-106.6649	1382	-20.9	-10.4506
3800	32.4116	-106.6349	1425	-10.4	-3.0021
3787	32.3933	-106.6016	1586	15.3	7.885
3798	32.4153	-106.5538	1579	14	8.4445
3796	32.4031	-106.5233	1402	-4	10.2184
3795	32.4003	-106.5166	1380	-6.5	10.1652
3555	32.4016	-106.4703	1277	-29.4	-0.7277
3553	32.4016	-106.4368	1224	-42.5	-7.7404
3528	32.3966	-106.3983	1209	-46.3	-11.0992
3549	32.4008	-106.3616	1219	-40.4	-8.7343
3548	32.4008	-106.3416	1227	-36	-6.7816
3545	32.4016	-106.2916	1240	-26.6	-3.1289
3544	32.4016	-106.2649	1232	-30.1	-8.3151
3542	32.4016	-106.2316	1234	-24.5	-5.0105
3540	32.4033	-106.1983	1237	-16.9	1.7659
3538	32.4049	-106.1616	1261	-8.3	6.7868
3536	32.4016	-106.1216	1329	6.2	12.5538
3534	32.4049	-106.0999	1363	10.8	12.3163
3359	32.3849	-105.7949	1540	19.6	-0.6274
3357	32.3908	-105.7617	1482	14.1	-0.0845
3356	32.3941	-105.7416	1475	16.6	2.9057
3354	32.3849	-105.6916	1457	16.1	2.612
3352	32.3849	-105.6616	1441	15.6	2.9561
3196	32.3933	-105.3366	1457	17.8	-8.704
3197	32.4099	-105.3083	1575	32.3	-6.5697
4153	32.3683	-107.7899	1386	-16.8	-11.4695
4147	32.3558	-107.7463	1378	-13.3	-6.4709
4146	32.3633	-107.6949	1372	3.2	11.6823
4151	32.3816	-107.6599	1396	21	27.7189
4144	32.3566	-107.6299	1346	8.2	19.7586
3949	32.3649	-107.3316	1417	-0.6	-0.9212
3948	32.3633	-107.2899	1403	-4.8	-4.5122
3947	32.3661	-107.1833	1412	3.5	-0.1446
3946	32.3566	-107.1268	1382	2.4	0.5009
3951	32.3799	-107.0583	1412	-4.8	-11.5538
3950	32.3799	-107.0434	1453	0.3	-11.4274
3782	32.3716	-106.9383	1436	11.6	-0.4771
3774	32.3649	-106.8566	1194	-30.9	-12.5664
3773	32.3649	-106.8249	1194	-32	-11.5819
3779	32.3733	-106.8066	1194	-24.5	-2.4009
3778	32.3783	-106.7316	1325	-4.3	8.6932
3777	32.3733	-106.6049	1522	17.1	16.325
3775	32.3699	-106.5583	1711	29.7	10.74
3522	32.3716	-106.4766	1276	-29.8	-1.8695
3520	32.3668	-106.4349	1224	-40.7	-7.6224
3512	32.3566	-106.3766	1224	-44.5	-14.1851
3517	32.3766	-106.0883	1280	0.9	11.8963
3510	32.3666	-106.0799	1318	6.7	13.5804
3509	32.3533	-106.0183	1264	-1.7	11.8797
3515	32.3749	-106.0033	1260	-2	11.3244
3350	32.3783	-105.9666	1297	1.7	10.732
3348	32.3733	-105.9333	1346	6.6	10.2951
3338	32.3503	-105.9067	1418	8.8	5.0761
3337	32.3649	-105.8533	1538	19.8	1.2955
3347	32.3683	-105.8416	1565	24	2.1587
3335	32.353	-105.7217	1504	12.2	-4.9969
3345	32.3833	-105.7083	1465	16.5	2.7432
3343	32.3816	-105.6283	1451	18.1	3.5047
3341	32.3749	-105.5933	1439	19.8	5.8355
3333	32.3633	-105.5616	1417	21.2	7.891
3332	32.3549	-105.5483	1405	22.6	9.4571
3192	32.3698	-105.4333	1344	-0.8	-11.8482
3191	32.3716	-105.3216	1431	16.7	-8.264
4128	32.3266	-107.7849	1350	-18.5	-10.5107
4139	32.3411	-107.6236	1331	6.3	18.9331
4138	32.3349	-107.6149	1356	9.6	19.2861
4136	32.3449	-107.5716	1312	-10.2	4.4821
4134	32.3449	-107.5366	1304	-11.6	3.8617
4132	32.3449	-107.5033	1303	-1.2	14.0825
3944	32.3466	-107.3999	1400	2.9	6.2496
3942	32.3466	-107.3666	1474	7.3	1.1997
3941	32.3349	-107.1533	1364	1.6	2.0968
3940	32.3366	-107.1149	1451	12.7	2.8601
3771	32.3433	-106.9883	1359	-8.8	-11.8814
3770	32.3499	-106.9749	1356	-5.8	-8.7687
3758	32.3216	-106.9216	1368	-0.8	-6.0965
3769	32.3366	-106.8933	1273	-9.5	-2.6567
3757	32.3216	-106.8583	1192	-35.3	-17.7899
3768	32.3383	-106.8466	1192	-34.8	-16.2676
3766	32.3391	-106.7916	1189	-23.5	-0.7731
3765	32.3433	-106.7766	1219	-14.6	6.0397
3764	32.3416	-106.7366	1313	-1.8	10.9532
3762	32.3339	-106.6933	1355	-7.8	1.4032
3761	32.3383	-106.6733	1400	-4.1	1.2053
3751	32.3233	-106.6299	1497	14.1	10.0421
3750	32.3299	-106.6166	1568	12.8	2.1057
3748	32.3224	-106.5766	1819	36.2	4.1014
3507	32.3466	-106.4233	1208	-44.8	-10.9238
3505	32.3466	-106.3916	1196	-47.5	-13.5252
3504	32.3466	-106.1016	1249	-3.5	12.2711
3502	32.3466	-106.0666	1250	0.3	15.3935
3500	32.3466	-106.0333	1264	1.8	15.5426
3499	32.3299	-106.0166	1277	0.2	13.0633
3327	32.3242	-105.9667	1314	-0.2	8.7152
3331	32.3402	-105.8783	1464	12.4	3.4081
3330	32.3377	-105.6517	1489	17.1	-1.4814
3329	32.3402	-105.545	1368	12.4	2.7229
3328	32.3349	-105.5049	1365	19.2	7.0821
3186	32.3399	-105.4766	1316	2.8	-5.2704
3184	32.3393	-105.4333	1321	-1.8	-12.4862
3181	32.3199	-105.3299	1427	17.6	-9.5489
3179	32.3308	-105.2933	1357	10.8	-8.6226
3178	32.3258	-105.2717	1324	7.3	-8.9963
3176	32.3283	-105.2333	1368	8	-13.4657
3175	32.319	-105.2167	1275	2.5	-9.3665
4119	32.2933	-107.7933	1334	-14.4	-6.16
4124	32.3099	-107.7816	1337	-17.6	-8.7028
4118	32.2933	-107.7349	1320	-23.9	-12.6348
4116	32.2974	-107.6933	1318	-23.7	-11.566
4115	32.2983	-107.6649	1310	-21.4	-8.1358
4122	32.3033	-107.6316	1303	-10.3	4.0268
4113	32.2983	-107.5883	1283	-14.7	1.5056
4111	32.2983	-107.5549	1279	-8.7	7.9664
4110	32.2983	-107.5383	1279	-6.7	9.9615
4108	32.2983	-107.5033	1281	-6.5	9.7887
3935	32.2933	-107.3333	1326	-6.3	2.2483
3933	32.2933	-107.2999	1332	-6.2	0.8855
3931	32.2933	-107.2666	1353	-4.4	-0.4458
3929	32.2949	-107.2283	1352	-3.9	-0.7452
3927	32.2949	-107.1949	1343	-3.4	-0.1466
3925	32.2949	-107.1616	1346	-1.8	0.2999
3923	32.2949	-107.1283	1369	1.1	-0.0711
3921	32.2949	-107.0933	1362	-1.7	-2.7112
3919	32.2949	-107.0583	1397	-6.9	-12.7318
3918	32.2966	-107.0399	1396	-8.5	-14.7752
3916	32.2999	-107.0066	1351	-6.1	-8.2555
3735	32.2983	-106.9733	1361	-1.4	-5.4773
3746	32.3066	-106.9399	1363	-1.5	-6.2546
3734	32.2849	-106.9049	1338	-12.6	-14.7004
3744	32.3066	-106.8383	1187	-36.9	-18.0866
3732	32.2949	-106.8116	1186	-33.8	-13.5578
3742	32.3161	-106.7789	1189	-22.1	0.7673
3731	32.2949	-106.7216	1258	-2.5	14.9147
3741	32.3008	-106.7033	1287	1.1	16.3017
3739	32.3033	-106.6633	1372	-3.8	3.3623
3728	32.2949	-106.6299	1450	2.8	2.4814
3737	32.3049	-106.5933	1710	28.3	3.2322
3497	32.2949	-106.4383	1248	-30.6	-3.9599
3495	32.2999	-106.4016	1208	-43.4	-12.5671
3493	32.2949	-106.3699	1217	-41.2	-13.1555
3491	32.2966	-106.3383	1218	-38.1	-11.7151
3489	32.2983	-106.2966	1236	-29	-7.0854
3487	32.2966	-106.2533	1222	-30.1	-9.6515
3486	32.2899	-106.2266	1223	-23.7	-3.6942
3485	32.2858	-106.2099	1222	-21.9	-1.592
3484	32.2966	-106.1416	1249	-4.3	13.073
3483	32.2999	-106.0149	1291	2	14.1774
3321	32.298	-105.9	1433	11.1	7.0263
3325	32.3107	-105.76	1538	14.4	-4.6227
3324	32.309	-105.7033	1501	10.5	-7.0285
3320	32.2878	-105.655	1479	11	-6.8414
3323	32.309	-105.5933	1434	11	-4.0736
3322	32.3107	-105.505	1321	8.3	0.2734
3165	32.2983	-105.4766	1322	7.4	-2.9696
3171	32.3016	-105.4233	1335	3.9	-10.6357
3163	32.2983	-105.4066	1347	4.6	-12.2021
3170	32.3072	-105.3683	1353	3	-15.345
3169	32.3149	-105.3433	1422	16.3	-10.1317
3168	32.3133	-105.2299	1279	6	-6.6218
3167	32.3149	-105.1883	1243	0.9	-7.5694
4099	32.2666	-107.7916	1331	-14	-6.477
4106	32.2683	-107.7533	1321	-20.5	-10.6872
4096	32.2564	-107.7184	1310	-23.8	-12.6929
4095	32.2549	-107.6583	1293	-21.7	-8.3124
4104	32.2766	-107.5249	1272	-7.5	9.1095
4103	32.2716	-107.5033	1271	-9.6	6.8728
3914	32.2616	-107.4666	1266	-8.9	7.5595
3913	32.2566	-107.4399	1262	-5.5	11.0033
3912	32.2566	-107.2216	1318	-4.9	0.9952
3721	32.2649	-106.9766	1352	-6.3	-9.7296
3726	32.2766	-106.9033	1314	-18.4	-17.9016
3720	32.2633	-106.8249	1184	-37.6	-18.8418
3724	32.2783	-106.7966	1185	-32.6	-11.8421
3723	32.2683	-106.7616	1182	-23.7	-0.7288
3722	32.2766	-106.7399	1209	-11.8	9.741
3477	32.2566	-106.4783	1351	1.5	14.5761
3476	32.2633	-106.3983	1202	-42.1	-12.6328
3475	32.2566	-106.3766	1196	-40.3	-11.3224
3481	32.2816	-106.1966	1227	-19.6	0.2556
3474	32.2549	-106.1616	1245	-8.9	9.2221
3478	32.2716	-106.0149	1323	7.5	16.8484
3319	32.2675	-105.9167	1402	8.1	8.5633
3316	32.2533	-105.8283	1631	28.9	1.8485
3314	32.2533	-105.7933	1610	24.1	-1.5368
3318	32.2727	-105.76	1563	17.6	-3.7612
3312	32.2515	-105.7167	1505	11	-6.1677
3311	32.2515	-105.6233	1465	9.9	-8.7841
3157	32.2783	-105.4866	1361	13.3	-1.6652
3151	32.2658	-105.4299	1382	10.3	-10.838
3150	32.2633	-105.3699	1293	-2.5	-16.3943
4088	32.2399	-107.7849	1324	-12.1	-4.7448
4087	32.2433	-107.7516	1315	-18.3	-8.7986
4076	32.2249	-107.7333	1306	-17.4	-6.8844
4074	32.2333	-107.6649	1295	-20.1	-7.7589
4085	32.2349	-107.6483	1291	-15.9	-3.0424
4084	32.2433	-107.5999	1300	-3.4	8.6756
4073	32.2299	-107.5716	1274	-11.2	3.2954
4071	32.2283	-107.5366	1263	-20.7	-4.8645
4069	32.2283	-107.5033	1258	-20.6	-4.1887
3911	32.2466	-107.4066	1267	-2.1	13.1267
3909	32.2349	-107.3616	1282	-4.5	7.8991
3906	32.2316	-107.3416	1285	-6	5.5772
3904	32.2283	-107.2933	1291	-5.7	4.0929
3903	32.2333	-107.2616	1297	-4.5	4.0755
3908	32.2378	-107.2181	1310	-3.5	2.7301
3901	32.2283	-107.1616	1317	-4.2	-0.1612
3711	32.2199	-106.8699	1283	-29.3	-25.0747
3709	32.2183	-106.8283	1273	-28.3	-21.0616
3707	32.2283	-106.7949	1179	-32.9	-13.1035
3715	32.2366	-106.7733	1179	-28.2	-6.9116
3705	32.2333	-106.7399	1176	-19.1	4.1755
3712	32.2383	-106.5649	1601	37.3	22.1878
3473	32.2366	-106.3966	1199	-40.2	-11.8539
3472	32.2499	-106.1666	1246	-8.8	9.183
3468	32.2266	-106.1249	1256	1.4	18.76
3471	32.2399	-106.0933	1273	3	18.4058
3470	32.2483	-106.0749	1286	3.8	17.5634
3308	32.2268	-105.9883	1401	10.6	12.3651
3307	32.2235	-105.83	1607	26.6	3.0246
3306	32.2174	-105.7333	1564	18.8	-2.7168
3305	32.2252	-105.66	1440	3.3	-10.1012
3310	32.2383	-105.6183	1431	6.5	-9.0853
3309	32.243	-105.5317	1371	8.3	-6.0524
3148	32.2466	-105.4266	1353	6.8	-12.1859
3147	32.2362	-105.405	1350	5.4	-14.8102
3146	32.2483	-105.3799	1308	-0.5	-16.4951
3141	32.2216	-105.3399	1275	-6.3	-20.6759
4060	32.1949	-107.7999	1317	-6.4	1.1685
4058	32.1966	-107.7333	1303	-13.7	-3.0426
4057	32.1959	-107.7161	1299	-15.4	-4.1708
4056	32.1961	-107.6474	1316	6	15.58
4063	32.2114	-107.5918	1343	-1.9	5.9693
4055	32.1988	-107.5376	1257	-21.5	-5.6772
3900	32.2166	-107.2933	1286	-5.4	4.6281
3899	32.2099	-107.2599	1291	-4	4.5774
3898	32.2034	-107.2318	1296	-2.1	5.137
3896	32.1936	-107.1939	1300	-4.1	1.641
3897	32.2133	-107.1616	1314	-3.9	0.1381
3894	32.1916	-107.0999	1387	7.5	2.0866
3694	32.1849	-106.9616	1291	-18.6	-16.864
3702	32.2033	-106.9249	1287	-24.2	-22.2335
3701	32.2094	-106.9026	1285	-26.8	-24.3003
3692	32.1966	-106.7549	1175	-22.6	-1.5758
3699	32.2149	-106.7283	1175	-11.7	11.1118
3690	32.1883	-106.6533	1240	20.2	36.5842
3698	32.2033	-106.6366	1300	28.9	39.8306
3696	32.2083	-106.6099	1367	37	41.7086
3688	32.1999	-106.5699	1400	37.3	39.8187
3463	32.1866	-106.4299	1224	-28.9	-5.5807
3466	32.2033	-106.4049	1207	-34.7	-8.6348
3461	32.1933	-106.1999	1242	2.2	19.8647
3464	32.2099	-106.1599	1246	0.5	18.6218
3304	32.2016	-105.9666	1499	18.9	10.4478
3297	32.1922	-105.73	1525	12.9	-3.422
3303	32.2099	-105.7083	1546	17.6	-3.4254
3296	32.1938	-105.63	1450	6.2	-9.0658
3301	32.2149	-105.5999	1416	6	-8.1252
3295	32.1916	-105.5733	1400	7.6	-5.6251
3138	32.2083	-105.4933	1411	19.7	-1.3165
3137	32.2033	-105.4616	1401	19.1	-2.7727
3136	32.2041	-105.4466	1407	18.4	-5.1068
3131	32.1887	-105.3183	1273	-6.2	-21.3621
3130	32.1999	-105.2066	1233	6	-7.8462
4053	32.1799	-107.8016	1313	-5.6	2.3346
4046	32.1666	-107.7499	1299	-9.5	1.1645
4045	32.1666	-107.7149	1295	-9.5	1.8688
4052	32.1669	-107.6813	1297	-1.7	9.6257
4042	32.1666	-107.6383	1390	19.5	20.8853
4041	32.1573	-107.5991	1398	16.1	15.9041
4040	32.1549	-107.5716	1322	-2.7	4.9027
4050	32.1699	-107.5366	1253	-21	-5.4927
4049	32.1699	-107.5033	1249	-27.2	-11.4066
3893	32.1691	-107.4699	1239	-29	-12.3461
3891	32.1658	-107.1364	1328	2.5	3.4556
3892	32.1699	-107.0916	1377	10.5	5.6469
3890	32.1549	-107.0316	1318	1.4	1.1496
3686	32.1698	-106.9681	1290	-15.4	-13.7301
3684	32.1699	-106.9449	1290	-20.7	-19.4341
3682	32.1699	-106.9049	1286	-24.3	-22.8028
3680	32.1699	-106.8716	1282	-25.8	-22.8077
3678	32.1699	-106.8366	1281	-23.9	-19.5247
3676	32.1699	-106.8016	1271	-20.5	-13.5691
3664	32.1549	-106.7349	1171	-20.3	-0.0602
3662	32.1616	-106.7016	1170	-10.2	11.3321
3673	32.1699	-106.6699	1214	14.9	32.838
3659	32.1583	-106.5633	1320	33.8	42.1421
3658	32.1533	-106.5083	1251	-12.2	5.0978
3460	32.1733	-106.4549	1239	-23.3	-2.655
3459	32.1721	-106.4213	1231	-27.4	-5.5325
3455	32.1566	-106.1566	1246	9.5	27.7037
3453	32.1658	-106.1266	1244	3.8	22.8533
3457	32.1691	-106.0933	1255	0.1	18.4311
3452	32.1666	-106.0766	1264	-1.5	16.1149
3291	32.154	-105.9783	1420	10.8	12.2495
3294	32.1803	-105.935	1504	16.7	8.2621
3290	32.1523	-105.86	1647	30.9	6.3112
3289	32.1533	-105.8483	1651	30.7	5.3574
3288	32.1523	-105.8117	1595	20.8	0.8682
3287	32.1616	-105.7199	1518	15.3	0.2343
3286	32.1557	-105.65	1439	7.4	-3.8272
3285	32.1549	-105.6033	1458	12.9	-3.6433
3292	32.1733	-105.5766	1409	7	-6.3856
3284	32.1642	-105.5267	1393	8.1	-7.2396
3283	32.1666	-105.5133	1387	11.4	-4.362
3121	32.1616	-105.4599	1362	14.6	-2.0701
3119	32.16	-105.425	1341	10.9	-5.749
3117	32.1533	-105.3916	1313	11.3	-4.2087
3116	32.1549	-105.3733	1302	9.3	-6.1347
3114	32.1533	-105.2399	1239	1	-14.4285
3113	32.1583	-105.205	1210	3.2	-9.4652
4034	32.1383	-107.8016	1303	-7.8	1.0462
4032	32.1383	-107.7683	1297	-5.5	4.7384
4026	32.1234	-107.7166	1288	-5.3	6.2709
4025	32.1316	-107.5866	1418	16.3	13.4923
4024	32.1206	-107.5539	1315	-3.2	4.0435
4023	32.1216	-107.5316	1266	-13.7	-1.1521
3887	32.1266	-107.2466	1274	-6	1.6499
3886	32.1313	-107.0846	1321	2.4	2.8109
3885	32.1199	-107.0529	1321	2.8	2.0638
3657	32.1439	-106.9833	1300	-3.7	-3.3778
3656	32.1399	-106.8199	1280	-18.7	-14.6174
3654	32.1433	-106.7199	1169	-19.3	0.9788
3653	32.1499	-106.6883	1168	-6.6	14.9545
3650	32.1236	-106.6699	1165	-5.6	15.5125
3652	32.1449	-106.5633	1287	27	38.2987
3651	32.1383	-106.5316	1255	-1.8	13.6642
3450	32.1373	-106.4978	1242	-15.1	2.5785
3442	32.1286	-106.4224	1244	-23.4	-5.1335
3441	32.1249	-106.3899	1238	-26	-7.2442
3440	32.1333	-106.2383	1250	-3.6	11.3342
3447	32.1349	-106.1949	1243	4.7	22.0654
3446	32.1433	-106.1783	1252	10	26.9221
3436	32.1283	-106.0566	1320	1.6	13.8376
3444	32.1374	-106.0016	1420	11.2	12.8164
3280	32.1449	-105.9633	1446	10.7	9.5691
3278	32.1491	-105.9283	1490	13.6	7.7243
3277	32.1433	-105.9066	1533	16.9	6.4031
3272	32.1316	-105.8666	1647	26.6	2.869
3275	32.1388	-105.72	1480	8.9	-0.9441
3274	32.1383	-105.7116	1482	11.5	0.7394
3271	32.1316	-105.6149	1500	18.1	-1.6828
3269	32.1227	-105.5783	1475	13.1	-6.0986
3111	32.1483	-105.3566	1297	8.7	-7.1707
3110	32.1449	-105.3249	1284	2.8	-13.4724
3109	32.1499	-105.2866	1275	-0.9	-18.2308
3108	32.1349	-105.2599	1288	2.6	-17.8203
3106	32.1295	-105.2467	1256	-0.4	-18.1208
4012	32.0949	-107.7516	1286	-14.7	-3.4684
4018	32.1099	-107.7499	1288	-10.3	0.9493
4017	32.1099	-107.7166	1288	-4.2	7.1513
4015	32.1004	-107.6516	1477	21.2	12.2767
4011	32.0949	-107.6383	1571	33.6	15.1529
4010	32.0899	-107.5749	1373	12	12.2647
4009	32.0958	-107.5333	1271	-9.8	1.3289
4008	32.0969	-107.5074	1238	-20.5	-5.886
3884	32.1133	-107.4699	1232	-29.1	-13.6188
3881	32.0916	-107.3866	1222	-21.8	-7.1374
3883	32.1116	-107.0866	1307	1.6	3.1113
3882	32.1086	-107.0223	1303	-2.3	-2.1931
3639	32.0953	-106.9918	1289	-5.8	-5.1793
3646	32.1099	-106.9249	1291	-6.9	-7.3131
3644	32.1116	-106.8539	1292	-15	-14.2423
3638	32.0966	-106.7866	1270	-19.5	-14.8515
3643	32.1116	-106.6999	1167	-18.9	0.5906
3642	32.1133	-106.6683	1166	-6.8	13.7383
3641	32.1116	-106.6416	1165	6.9	28.2435
3635	32.0899	-106.5599	1235	5.5	20.6938
3435	32.1014	-106.4879	1258	-9.3	5.0178
3423	32.0899	-106.4683	1246	-13.1	2.4028
3420	32.0983	-106.4333	1255	-20	-4.5423
3433	32.1033	-106.4123	1241	-22.4	-4.8923
3430	32.1116	-106.3599	1229	-26.8	-7.8024
3428	32.1049	-106.3316	1218	-28.5	-8.8037
3417	32.0941	-106.2983	1241	-20.5	-4.1789
3427	32.1149	-106.1783	1256	5	21.3832
3415	32.0883	-106.0966	1299	-0.5	13.6818
3414	32.0966	-106.0649	1340	1.2	11.4632
3426	32.1049	-106.0449	1344	1.1	11.2252
3424	32.1066	-106.0033	1400	3.2	7.6652
3259	32.0999	-105.9666	1454	7.7	6.8151
3267	32.1016	-105.9333	1509	11.2	4.4872
3256	32.0949	-105.8833	1605	20.8	3.1281
3255	32.0966	-105.7599	1548	18.5	4.9908
3253	32.0913	-105.6917	1515	13.1	-1.3004
3264	32.1033	-105.6549	1489	14.5	-0.2729
3263	32.1083	-105.645	1490	12	-3.7901
3261	32.1108	-105.5649	1516	21.1	-3.5021
3252	32.0933	-105.5433	1540	22.1	-6.5237
3251	32.0849	-105.5083	1482	17	-7.4382
3104	32.1142	-105.4067	1336	10.5	-6.2045
3098	32.0888	-105.37	1264	-1.8	-12.9721
3103	32.1048	-105.3133	1276	6.1	-10.3392
3102	32.1083	-105.2299	1230	1.1	-14.7768
3995	32.0666	-107.7899	1285	-23.4	-12.9902
3994	32.0666	-107.7549	1282	-21.7	-10.4707
3993	32.0616	-107.7249	1276	-16.7	-4.7819
4003	32.0799	-107.6884	1340	5.9	10.9919
4002	32.0799	-107.6833	1350	7.8	11.8183
3992	32.0616	-107.5783	1358	11.4	13.0725
4001	32.0816	-107.5333	1269	-8.8	2.0253
3880	32.0783	-107.2816	1247	-12.4	-2.7983
3879	32.0799	-107.1066	1326	6.2	4.8483
3878	32.0591	-107.0693	1305	2.6	2.6358
3634	32.0814	-106.9626	1285	-10.6	-10.4471
3627	32.0661	-106.9333	1282	-12.6	-12.8961
3633	32.0774	-106.8716	1288	-8.9	-9.1528
3632	32.0683	-106.8199	1285	-18.5	-17.5249
3631	32.0683	-106.8033	1276	-16.3	-13.8678
3629	32.0783	-106.7099	1216	-19.2	-6.9907
3628	32.0749	-106.6699	1161	-14.9	4.2981
3624	32.0533	-106.6416	1160	-5.4	13.8712
3623	32.0549	-106.6016	1186	4	21.4759
3413	32.0824	-106.4833	1251	-6.9	7.4053
3412	32.0783	-106.2733	1242	-18	-2.5656
3407	32.0591	-106.1916	1242	-8.1	8.8994
3406	32.0666	-106.1766	1247	-3.8	13.459
3409	32.0833	-106.1233	1261	-0.9	16.7844
3405	32.0649	-106.0883	1281	-4.4	12.3058
3240	32.0649	-105.9066	1607	23.8	7.1089
3239	32.0649	-105.8833	1610	22.4	4.8803
3238	32.0566	-105.8383	1647	32.8	10.5498
3237	32.0573	-105.785	1564	25.3	11.4115
3247	32.0768	-105.745	1538	21.4	9.4682
3245	32.0783	-105.6583	1522	17.5	0.0923
3244	32.0716	-105.6399	1545	20.5	-0.6933
3243	32.0793	-105.56	1599	24.7	-8.7165
3242	32.0816	-105.5266	1499	19.4	-5.8176
3093	32.0642	-105.4983	1425	8.8	-10.0153
3092	32.0633	-105.4749	1407	10.2	-8.5131
3090	32.0624	-105.4483	1377	8.6	-8.9223
3089	32.0607	-105.2933	1251	2.3	-12.9193
3095	32.0683	-105.2183	1201	2.8	-11.2614
3989	32.0383	-107.7566	1275	-24.6	-12.6722
3981	32.0241	-107.7391	1270	-23.8	-11.3375
3988	32.0349	-107.6999	1275	-14.5	-2.8045
3979	32.0216	-107.6716	1297	-7.3	1.5155
3987	32.0343	-107.6439	1431	19.7	14.5186
3978	32.0316	-107.5966	1393	14.2	11.322
3985	32.0411	-107.5771	1328	10.3	14.257
3877	32.0366	-107.4149	1245	-12.5	-1.8962
3876	32.0246	-107.0814	1318	11.5	9.496
3875	32.0216	-107.0433	1294	6.6	6.1817
3622	32.0499	-106.9054	1284	-8.5	-9.4289
3620	32.0286	-106.8821	1281	-5.1	-5.7502
3621	32.0433	-106.6783	1159	-22.2	-4.08
3617	32.0283	-106.6199	1156	-7.2	12.2096
3616	32.0199	-106.6016	1165	-13	5.578
3400	32.0199	-106.3033	1212	-28	-10.7302
3398	32.0316	-106.2549	1238	-18.4	-4.1677
3404	32.0349	-106.2366	1241	-15.2	-0.879
3402	32.0499	-106.2049	1244	-10.7	5.245
3397	32.0216	-106.0883	1259	-7.2	11.4147
3230	32.0192	-105.895	1612	26.4	8.9921
3234	32.0428	-105.8267	1611	29.7	11.2821
3233	32.0416	-105.7149	1584	25.1	6.1891
3229	32.0299	-105.6716	1564	23.1	3.1268
3231	32.0416	-105.6483	1583	24.5	0.8291
3228	32.0216	-105.5783	1589	24.8	-4.5774
3227	32.0233	-105.5383	1596	26.6	-6.4576
3080	32.0242	-105.4683	1406	4.7	-12.9406
3079	32.0216	-105.4433	1355	5.9	-8.4848
3085	32.0358	-105.4066	1306	2.3	-9.8505
3084	32.0387	-105.3517	1235	-7.5	-16.0711
3083	32.0412	-105.25	1190	1.8	-9.2936
3077	32.0252	-105.2117	1155	2.5	-5.8475
3975	32.0166	-107.8166	1273	-17.6	-6.099
3974	32.0099	-107.7566	1268	-23.1	-10.5007
2607	31.9916	-107.6866	1260	-18.7	-6.0883
2606	31.9966	-107.6633	1277	-13.9	-3.5339
3973	32.0091	-107.6244	1314	-4.1	1.6486
3972	32.0166	-107.6099	1338	0.8	3.745
3971	32.0056	-107.5793	1294	-5.1	1.5056
2605	31.9948	-107.5348	1232	-14.8	-1.9929
2497	31.9879	-107.4646	1221	-25.2	-12.4132
2496	31.9843	-107.4229	1220	-25.5	-13.4722
2495	31.9964	-107.3139	1276	-2	2.2295
2494	31.9958	-107.2704	1320	3	1.6077
3874	32.0149	-107.0949	1330	13.5	9.9348
2493	31.9874	-107.0156	1282	5.6	5.1022
3615	32.0076	-106.8586	1277	-6.4	-6.6542
3614	32.0099	-106.6649	1156	-22.1	-4.4216
3613	32	-106.6054	1159	-6.5	11.9416
3611	32.0116	-106.5599	1263	19.4	27.8618
2326	31.9921	-106.4731	1345	24.8	25.3589
3396	32	-106.4433	1255	-2.6	8.4195
3394	32.0008	-106.4104	1229	-16.2	-2.0126
2320	31.9871	-106.3741	1238	-23.2	-10.2426
3393	32.0016	-106.3233	1219	-30	-14.1241
3392	32.0016	-106.3066	1213	-29.2	-12.6728
3390	32.0016	-106.2744	1237	-20.3	-6.6363
3389	32.0016	-106.2399	1239	-16.5	-3.033
3387	32.0016	-106.1983	1242	-12.5	2.7584
3385	32.0016	-106.1649	1246	-7.7	8.6616
3383	32.0049	-106.1316	1248	-6.9	10.752
2314	31.9974	-106.1133	1259	-5.2	11.846
1957	31.9849	-105.9749	1613	27.5	8.9481
1956	31.9908	-105.9083	1632	28.2	8.8389
1955	31.9836	-105.8608	1568	23.2	10.3569
3226	32.0003	-105.8267	1581	24.9	10.1328
3225	32.0003	-105.7633	1548	21.5	9.8597
3224	32.0149	-105.7183	1535	19.5	6.7141
3223	32.0003	-105.7083	1519	19	7.4099
3222	32.0003	-105.6733	1530	19.1	3.5494
3221	32.008	-105.635	1560	21.6	-0.1296
1953	31.9916	-105.6099	1531	19.4	-0.8599
3219	32.0003	-105.575	1552	20.3	-4.9
3073	32.0003	-105.4517	1410	5.4	-14.0454
3072	32.0003	-105.4083	1305	-3.8	-14.8862
3071	32.0003	-105.3633	1295	-0.8	-14.3814
3070	32	-105.1999	1137	7	0.6695
2595	31.9666	-107.8066	1286	-3.9	6.1983
2594	31.9666	-107.7733	1291	-6.7	3.0163
2602	31.9808	-107.6834	1257	-17.2	-4.4664
2592	31.9549	-107.6766	1255	-16	-3.4748
2591	31.9501	-107.5859	1234	-14.2	-1.9411
2590	31.9518	-107.5008	1223	-20.6	-8.3876
2490	31.9519	-107.3849	1216	-15.5	-4.6755
2492	31.9749	-107.3208	1385	8.6	0.9748
2489	31.9514	-107.2698	1329	3.9	0.1165
2491	31.9786	-107.2348	1433	17.5	2.6888
2409	31.9549	-106.9566	1276	-9.7	-11.0128
2408	31.9623	-106.8873	1272	-9.1	-10.0261
2413	31.9698	-106.8174	1270	-10.9	-10.5308
2407	31.9649	-106.6999	1252	-17.2	-12.5293
2406	31.9541	-106.6516	1153	-23.2	-6.6955
2405	31.9549	-106.6441	1152	-21.6	-4.7966
2403	31.9583	-106.6016	1155	-8.7	8.8955
2401	31.9616	-106.5616	1255	11	18.5558
2400	31.9649	-106.5299	1363	21.5	18.5313
2303	31.9558	-106.4549	1290	12.6	18.1547
2302	31.9573	-106.4416	1255	1.1	10.508
2300	31.9571	-106.4003	1218	-19.9	-6.1845
2298	31.9573	-106.3759	1225	-24.5	-11.291
2312	31.9699	-106.3429	1223	-29.1	-14.8882
2294	31.9573	-106.3083	1219	-29	-14.6279
2309	31.9703	-106.2756	1233	-22.6	-9.4282
2290	31.9573	-106.2369	1240	-18.3	-5.9262
2288	31.9571	-106.2068	1238	-13.4	0.8387
2285	31.9626	-106.1579	1250	-6.4	9.0398
2308	31.9696	-106.1406	1256	-3.6	12.0937
2306	31.9708	-106.1099	1266	-4.4	11.6055
2304	31.9766	-106.0666	1303	-3	10.837
1952	31.9776	-105.9551	1646	32.9	11.0471
1951	31.9758	-105.9233	1635	30.1	10.1458
1950	31.9699	-105.8466	1567	23.1	10.2717
1949	31.9816	-105.7566	1552	21.2	9.3369
1948	31.9583	-105.6266	1481	13.9	0.9345
1947	31.9624	-105.5383	1461	13.4	-4.057
1853	31.9606	-105.4616	1372	5.7	-7.9805
1852	31.9516	-105.2699	1180	1.3	-5.7563
1856	31.9698	-105.2006	1131	5.1	-0.1606
2587	31.9366	-107.7666	1346	4.4	7.8719
2583	31.9299	-107.7303	1363	4.4	5.9075
2582	31.9233	-107.6999	1361	6.5	7.6711
2581	31.9299	-107.6699	1280	-8.9	0.291
2585	31.9464	-107.6326	1245	-14.6	-2.2539
2579	31.9233	-107.5183	1225	-11.3	0.2581
2488	31.9366	-107.4503	1218	-26.6	-15.1993
2482	31.9216	-107.4216	1215	-25.8	-15.1201
2487	31.9366	-107.3849	1215	-16.2	-5.742
2481	31.9191	-107.3808	1214	-16.9	-6.9394
2480	31.9181	-107.3244	1372	20.7	12.6853
2478	31.9326	-107.2533	1349	0.7	-6.1088
2486	31.9498	-107.1618	1542	36.3	8.2966
2477	31.9234	-107.1031	1358	26.3	17.3318
2484	31.9373	-107.0588	1347	32.6	25.2803
2483	31.9448	-107.0249	1289	17.9	15.8651
2399	31.9469	-106.9951	1265	1.7	1.8867
2394	31.9233	-106.9683	1225	-7.4	-3.3936
2393	31.9248	-106.9101	1247	-12.6	-11.5002
2398	31.9479	-106.8583	1280	-10.3	-12.0653
2397	31.9461	-106.7901	1260	-14.9	-13.5325
2392	31.9176	-106.7598	1261	-13	-11.9625
2396	31.9469	-106.7458	1254	-19.1	-16.2281
2391	31.9223	-106.6596	1155	-24.2	-9.0601
2395	31.9416	-106.5233	1480	32.2	16.0639
2267	31.9308	-106.4841	1452	33	20.8204
2266	31.9328	-106.4713	1372	26	21.9181
2265	31.9289	-106.4413	1252	1.5	10.2139
2263	31.9283	-106.4069	1207	-20.4	-6.6948
2261	31.9259	-106.3529	1210	-30.4	-16.4182
2260	31.9284	-106.3381	1216	-29.8	-16.2458
2258	31.9328	-106.3054	1219	-30.3	-16.702
2275	31.9414	-106.2758	1227	-25.9	-12.8906
2255	31.9316	-106.2011	1235	-13	1.3163
2273	31.9348	-106.1583	1246	-2.2	13.1761
2272	31.9336	-106.1346	1279	2.3	15.1233
2270	31.9408	-106.0966	1298	3.5	15.985
2269	31.9408	-106.0833	1311	2.2	13.7817
2247	31.9299	-106.0216	1416	12.1	14.1158
2246	31.9299	-106.0133	1458	14.8	12.6876
1946	31.9483	-105.9449	1606	27.8	10.7062
1945	31.9466	-105.8566	1606	27.4	10.4464
1942	31.9274	-105.8449	1589	26.7	11.6053
1944	31.9433	-105.7266	1481	11.6	6.5058
1941	31.9291	-105.6333	1472	12.1	1.09
1940	31.9216	-105.5161	1433	10.3	-5.1605
1843	31.9169	-105.4641	1368	7.1	-5.2465
1850	31.9433	-105.3883	1283	2.4	-6.8252
1842	31.9266	-105.3633	1276	4.8	-5.4006
1849	31.9366	-105.3383	1269	7.1	-4.4652
1848	31.9383	-105.2358	1153	1.9	-4.2019
1847	31.9391	-105.2016	1127	3.4	-1.0632
2576	31.9048	-107.8044	1355	3.3	5.4526
2574	31.9074	-107.7599	1399	5.7	3.054
2573	31.9083	-107.7249	1527	20.6	3.8294
2565	31.8883	-107.6949	1370	6.9	6.1051
2564	31.8864	-107.6564	1283	-1.8	5.886
2571	31.9081	-107.6029	1236	-12.4	-0.6652
2570	31.9079	-107.5688	1231	-6.9	4.4334
2569	31.9083	-107.5433	1227	-6.8	4.5964
2476	31.9099	-107.4949	1222	-12.8	-1.6792
2472	31.8868	-107.4831	1219	-10.7	-0.2778
2474	31.9083	-107.4216	1214	-27	-16.5974
2470	31.8944	-107.4151	1213	-27.2	-17.3622
2469	31.8901	-107.3661	1212	-15.3	-6.3942
2468	31.8911	-107.3091	1277	8.5	9.1578
2467	31.8939	-107.0628	1323	31	24.7183
2473	31.9079	-107.0499	1338	32.4	24.6716
2389	31.9099	-106.9633	1254	-4.8	-4.4529
2388	31.9166	-106.8333	1266	-11	-11.5664
2379	31.8931	-106.7726	1257	-8.6	-7.7533
2378	31.8949	-106.7333	1252	-10.5	-8.4246
2377	31.8863	-106.6999	1252	-13.4	-10.6877
2386	31.9014	-106.6578	1253	-12	-7.8531
2385	31.9099	-106.6233	1149	-13	3.151
2384	31.9049	-106.5999	1146	-8.1	8.7859
2382	31.9049	-106.5566	1275	15.8	19.4077
2381	31.9066	-106.5349	1386	34.7	26.8747
2374	31.8883	-106.5083	1565	55.7	31.163
2231	31.8913	-106.4528	1295	15.6	18.9695
2245	31.9094	-106.4404	1250	-0.3	7.99
2228	31.8986	-106.4088	1199	-23.1	-9.612
2226	31.8963	-106.3661	1204	-30.4	-16.9026
2225	31.8968	-106.3416	1206	-29.5	-15.8903
2239	31.9013	-106.2979	1220	-28.1	-15.5168
2238	31.9093	-106.2758	1224	-26.5	-14.0259
2237	31.9113	-106.2361	1235	-22	-10.1058
2223	31.8929	-106.1999	1237	-14	-0.8318
2234	31.9059	-106.1646	1250	-0.8	13.4835
2221	31.8966	-106.1233	1336	16.1	22.6595
2220	31.8929	-106.1013	1338	16.4	23.3966
2218	31.8916	-106.0466	1372	11.9	16.9528
1934	31.8873	-105.955	1626	33.6	13.1358
1939	31.9133	-105.9498	1601	28.8	11.9168
1938	31.9083	-105.8449	1598	28.8	12.7836
1937	31.9033	-105.7949	1524	19.8	11.894
1936	31.9099	-105.7249	1489	11.9	6.1491
1935	31.9083	-105.6599	1426	3.5	-0.1362
1833	31.8983	-105.4866	1383	7.2	-4.7977
1832	31.8933	-105.3383	1251	7.7	-1.0327
1831	31.8924	-105.2016	1126	5.7	2.1257
2561	31.8683	-107.8026	1382	0.5	-0.6101
2560	31.8668	-107.7049	1376	12.6	10.916
2554	31.8578	-107.6194	1231	-9.6	1.98
2553	31.8501	-107.5689	1224	-8.3	2.113
2558	31.8683	-107.5183	1220	-9.4	1.0128
2462	31.8588	-107.4669	1214	-17.6	-8.0238
2466	31.8783	-107.4063	1212	-26.1	-16.9851
2460	31.8508	-107.3474	1231	-2.8	2.0959
2459	31.8541	-107.3061	1312	6.1	1.5627
2465	31.8701	-107.2619	1337	6.9	-0.6126
2464	31.8731	-107.2274	1479	11	-11.8892
2458	31.8596	-107.1619	1504	9.4	-15.9284
2463	31.8684	-107.0943	1289	14.5	11.3426
2371	31.8643	-106.9824	1254	5.9	5.5954
2370	31.8666	-106.9166	1265	-1.5	-3.3569
2373	31.8794	-106.8699	1266	-6.7	-8.1848
2372	31.8816	-106.7183	1250	-12.1	-9.5968
2369	31.8654	-106.7021	1251	-9.3	-6.6876
2368	31.8608	-106.6279	1143	-13	3.2106
2217	31.8833	-106.4883	1550	53.8	30.6851
2205	31.8561	-106.4544	1269	13.9	19.2723
2216	31.8701	-106.4056	1187	-27.4	-13.1412
2214	31.8751	-106.3691	1203	-29.6	-16.5628
2202	31.8623	-106.3369	1209	-29.1	-16.7034
2210	31.8723	-106.2936	1209	-27.5	-14.5418
2209	31.8718	-106.2558	1219	-24.6	-12.7115
2208	31.8823	-106.2296	1232	-21.6	-9.9077
2199	31.8504	-106.2051	1231	-18.1	-6.1104
2198	31.8568	-106.1696	1239	-7	6.0958
2206	31.8706	-106.1379	1294	13.3	22.4052
2196	31.8559	-106.0983	1326	17.9	24.5024
1932	31.8583	-105.9633	1621	34.6	13.42
1933	31.8668	-105.6324	1383	-3.4	-4.0014
1931	31.8524	-105.5449	1384	2.7	-4.0874
1830	31.8816	-105.4099	1348	12.5	-0.9205
1826	31.8613	-105.3599	1274	10.7	2.0355
1824	31.8586	-105.3216	1231	5.8	-0.8831
1829	31.8813	-105.235	1149	4.4	0.0028
1828	31.8766	-105.2016	1127	6.2	3.1995
2541	31.8324	-107.7713	1366	-1.5	-1.3708
2549	31.8356	-107.6544	1261	-6.3	2.6224
2548	31.8366	-107.6383	1252	-8.9	0.4566
2537	31.8263	-107.5961	1222	-9.2	1.6472
2546	31.8349	-107.5699	1222	-7.4	2.8145
2545	31.8349	-107.5333	1218	-10.2	-0.3253
2456	31.8363	-107.4498	1212	-20.6	-12.0612
2454	31.8299	-107.3299	1258	4.2	5.0239
2452	31.8229	-107.2921	1261	3.1	2.7967
2451	31.8224	-107.2248	1451	3.7	-17.0054
2455	31.8349	-107.0886	1266	1.7	0.103
2364	31.8236	-106.9748	1274	13.3	9.958
2363	31.8178	-106.7399	1247	-6.3	-4.2288
2362	31.8216	-106.7099	1250	-2.8	-0.4773
2367	31.8421	-106.6691	1238	-4.6	0.0357
2360	31.8216	-106.6284	1215	-2.6	5.2665
2359	31.8246	-106.6016	1140	-5.7	11.1831
2358	31.8249	-106.5666	1144	1.2	18.2508
2357	31.8333	-106.5316	1225	14.9	23.8243
2195	31.8416	-106.4866	1457	41.6	27.5199
2194	31.8444	-106.4686	1366	29.2	24.6435
2193	31.8409	-106.4449	1225	-3.3	6.3055
2190	31.8338	-106.3866	1193	-31.7	-18.7069
2177	31.8268	-106.3679	1202	-29.7	-17.6782
2175	31.8226	-106.3244	1213	-26.8	-15.803
2174	31.8249	-106.3016	1212	-25.1	-13.8576
2185	31.8386	-106.2604	1219	-22.7	-11.8461
2184	31.8431	-106.2456	1223	-22.1	-11.6017
2172	31.8313	-106.2053	1223	-18.6	-6.3958
2170	31.8209	-106.1574	1241	-5	7.0085
2168	31.8266	-106.1233	1252	4.2	16.7332
2167	31.8283	-106.1083	1273	9.5	20.3808
2164	31.8249	-106.0583	1335	16.7	23.5688
2182	31.8378	-106.0343	1383	18.6	20.8813
2163	31.8299	-106.0049	1462	26.9	21.1863
1930	31.8345	-105.9633	1570	31.1	14.6159
1920	31.8266	-105.9174	1562	30.1	15.7319
1919	31.8277	-105.89	1619	36.1	15.6912
1929	31.8353	-105.8633	1601	33.9	15.6823
1928	31.8455	-105.8233	1606	35.1	16.6642
1917	31.8233	-105.7899	1557	33.5	20.0969
1916	31.8183	-105.7583	1523	27.1	17.5579
1924	31.8345	-105.7233	1513	20.5	11.0269
1923	31.8449	-105.6933	1449	10.1	5.9116
1922	31.8383	-105.6449	1401	2.7	0.7829
1817	31.8299	-105.4816	1332	6.5	1.0252
1820	31.8422	-105.3733	1293	13.7	4.3869
1815	31.8269	-105.2526	1212	13.4	4.976
1819	31.8353	-105.2333	1183	12.6	6.1617
1818	31.8383	-105.2016	1160	12	6.8632
2534	31.8099	-107.8129	1311	-11.9	-5.5067
2526	31.7999	-107.7716	1320	-9.7	-4.8618
2531	31.8084	-107.6911	1279	0.9	8.4573
2525	31.7838	-107.6368	1224	-3.6	7.6395
2524	31.7836	-107.5988	1217	-11.3	-0.8792
2523	31.7836	-107.5624	1215	-7.1	2.2838
2522	31.7836	-107.5208	1213	-9.7	-1.1568
2530	31.8133	-107.5016	1214	-9.6	-0.7385
2450	31.8083	-107.4599	1209	-19.2	-11.0617
2449	31.8049	-107.4383	1208	-21.2	-13.6709
2448	31.8016	-107.4033	1213	-15.6	-9.6014
2447	31.8016	-107.3783	1251	1	2.3589
2439	31.7859	-107.3041	1252	4.6	4.4708
2446	31.8079	-107.2684	1254	-2	-2.3184
2437	31.7906	-107.2186	1251	-15.3	-16.2465
2436	31.7898	-107.2034	1253	-16.3	-17.6119
2434	31.7933	-107.1533	1250	-14.8	-15.8829
2445	31.8023	-107.1189	1247	-6.4	-6.8924
2444	31.8159	-107.0818	1252	-0.7	-1.2413
2443	31.8048	-107.0269	1272	9.3	5.8085
2356	31.8003	-106.9918	1294	13	6.8176
2351	31.7941	-106.9481	1267	7.1	3.8395
2355	31.8049	-106.8599	1258	0.6	-0.7156
2354	31.8098	-106.8121	1258	-1	-1.5217
2353	31.8146	-106.7618	1251	-4.6	-3.3997
2350	31.7839	-106.6613	1253	-0.7	2.0428
2352	31.8016	-106.5416	1137	5.4	23.4815
2146	31.7891	-106.4609	1166	-16.3	-0.8899
2145	31.7883	-106.4413	1159	-26.2	-10.3743
2161	31.8033	-106.3966	1200	-30.2	-18.7189
2141	31.7943	-106.3611	1204	-29.6	-18.4607
2140	31.7964	-106.3426	1205	-28	-16.8249
2159	31.8016	-106.3036	1217	-24.1	-14.0386
2157	31.8061	-106.2708	1218	-21.2	-11.1639
2155	31.8098	-106.2401	1222	-21.5	-11.614
2137	31.7941	-106.1859	1232	-12.8	-2.0324
2151	31.8003	-106.1671	1236	-8.5	2.8587
2136	31.7923	-106.1413	1242	-3.1	8.3537
2150	31.8126	-106.0861	1274	5	15.9756
2149	31.8058	-106.0556	1279	4	15.7764
2148	31.8088	-106.0433	1387	18.1	18.507
1913	31.8016	-105.8733	1555	32.7	18.6306
1912	31.8049	-105.7283	1489	25.1	18.0818
1911	31.8148	-105.665	1456	14.3	7.3718
1907	31.7962	-105.6367	1342	1.1	5.649
1909	31.8012	-105.5883	1373	3.9	2.0066
1904	31.7999	-105.5583	1372	4	0.178
1908	31.8066	-105.5233	1416	9.3	-1.7844
1811	31.785	-105.49	1318	5.2	2.512
1810	31.7883	-105.4508	1322	12.3	6.3041
1813	31.8072	-105.3733	1276	13.8	7.1815
1808	31.7927	-105.2333	1214	17.4	9.026
2518	31.7833	-107.8166	1311	-8.3	-2.0587
2517	31.7791	-107.7208	1300	0.3	5.8815
2516	31.7791	-107.6874	1254	-0.3	9.4289
2515	31.7749	-107.6249	1218	-2.7	8.5189
2514	31.7833	-107.5958	1217	-8.9	1.383
2513	31.7833	-107.5666	1215	-4.6	4.8793
2512	31.7791	-107.5221	1213	-6.9	1.5437
2432	31.7804	-107.4359	1207	-16.5	-9.7783
2431	31.7833	-107.3249	1254	8.7	8.3169
2430	31.7833	-107.2749	1220	-2.5	0.2688
2429	31.7804	-107.2179	1225	-19.9	-18.2666
2428	31.7804	-107.1666	1252	-12.2	-13.8365
2427	31.7833	-107.1179	1238	-4.7	-4.7006
2426	31.7833	-107.0666	1252	-1.6	-3.1122
2349	31.7833	-106.9916	1290	9.7	3.7312
2348	31.7804	-106.9333	1262	5.8	2.9733
2347	31.7804	-106.8833	1258	5	3.1349
2346	31.7804	-106.8263	1255	2.8	2.1995
2345	31.7833	-106.7749	1248	-1.7	-0.5387
2344	31.7833	-106.7458	1249	-1.9	-0.2419
2342	31.7819	-106.6583	1251	1.1	4.1122
2341	31.7819	-106.6166	1253	6.9	10.4394
2338	31.7583	-106.5249	1167	10.4	24.6916
2133	31.7699	-106.4999	1174	7.7	21.5253
2119	31.7666	-106.4641	1128	-23.1	-4.1016
2118	31.7653	-106.4461	1126	-31.1	-11.9778
2116	31.7611	-106.3933	1129	-38.6	-19.8706
2131	31.7704	-106.3611	1209	-28.7	-18.5411
2130	31.7689	-106.3353	1209	-25.7	-15.5455
2128	31.7706	-106.2999	1217	-22.1	-12.8207
2127	31.7684	-106.2828	1211	-20.8	-10.96
2112	31.7539	-106.2258	1223	-17.8	-9.0645
2111	31.7544	-106.1983	1228	-15.1	-5.7712
2110	31.7568	-106.1763	1230	-12.9	-2.8408
2125	31.7754	-106.1174	1241	-5.7	6.328
2124	31.7703	-106.0529	1289	3.2	12.0075
2123	31.7678	-106.0259	1323	9.9	16.1777
2122	31.7693	-106.0058	1344	13	17.8854
1902	31.7733	-105.9116	1537	33.4	20.2291
1899	31.7599	-105.8233	1502	30.6	21.5411
1898	31.7616	-105.6799	1429	18.1	14.5242
1901	31.7699	-105.6216	1382	8.1	6.9819
1900	31.7724	-105.5441	1344	5.1	3.5887
1806	31.7833	-105.4899	1319	5.1	2.3129
1804	31.7766	-105.4549	1316	10.2	5.3514
1803	31.7713	-105.4183	1292	9.8	5.1305
1798	31.7649	-105.3849	1275	14.4	9.5384
1797	31.7616	-105.3683	1272	17.9	12.3687
1796	31.7568	-105.3467	1251	17.3	12.8335
1802	31.7683	-105.2733	1229	17.3	10.2573
1801	31.7724	-105.2174	1216	18.1	9.642
1794	31.7616	-105.2016	1216	18.6	9.9643
2425	31.7333	-107.1624	1206	-12.6	-10.2705
2336	31.7291	-106.8333	1256	5.7	4.6363
2337	31.7471	-106.5749	1248	12.2	16.9191
2107	31.7346	-106.4874	1132	-7.1	11.0577
2106	31.7458	-106.4624	1130	-23.6	-5.2006
2092	31.7249	-106.4374	1128	-32.9	-14.6872
2105	31.7374	-106.4083	1126	-36.4	-17.8905
2090	31.7333	-106.3666	1125	-36.1	-17.3429
2103	31.7349	-106.3258	1147	-27.9	-11.5249
2087	31.7258	-106.2999	1157	-25.7	-10.7393
2101	31.7431	-106.2723	1219	-16.8	-8.5508
2099	31.7366	-106.2369	1224	-16.4	-8.7576
2084	31.7299	-106.2016	1227	-14.1	-5.566
2082	31.7246	-106.1716	1230	-13.7	-4.5334
2080	31.7181	-106.1351	1233	-10.8	-0.9065
2095	31.7416	-106.1071	1237	-8.6	2.5858
2077	31.7206	-106.0631	1246	-2.5	8.6026
2093	31.7396	-106.0288	1285	2.4	11.4702
1895	31.7264	-105.8509	1442	27.2	23.7879
1897	31.7341	-105.7041	1448	23.6	18.7658
1896	31.7383	-105.6233	1388	9.9	8.136
1894	31.7183	-105.6008	1372	7.3	6.5357
1792	31.7449	-105.4799	1358	5.1	-2.089
1791	31.7366	-105.3716	1268	17	12.5941
1777	31.7183	-105.3383	1249	22.7	18.7717
1790	31.7448	-105.285	1217	17	12.7373
1789	31.7466	-105.2516	1232	20.1	12.0109
1787	31.7467	-105.2217	1225	19.1	10.6087
1786	31.7492	-105.185	1200	16.5	9.5114
2508	31.6874	-107.7291	1265	-6.6	2.0387
2507	31.6874	-107.6083	1223	-8.6	-0.1073
2424	31.6999	-107.1583	1224	-5.3	-5.6169
2335	31.6916	-106.9571	1247	0.6	-1.5725
2334	31.6916	-106.8416	1251	-6.7	-7.4456
2075	31.7083	-106.3666	1123	-37.5	-19.0157
2074	31.7046	-106.3171	1119	-30.2	-11.4051
2072	31.7028	-106.2964	1122	-27.9	-9.5543
2071	31.7081	-106.2679	1174	-21.3	-8.9144
2070	31.7066	-106.2363	1219	-16.1	-8.6568
2053	31.6974	-106.1983	1226	-14.4	-6.5447
2066	31.7081	-106.1629	1229	-14.6	-5.5132
2050	31.6836	-106.1294	1229	-15.8	-6.3675
2049	31.6949	-106.0884	1230	-12.7	-1.738
2062	31.7063	-106.0686	1237	-4.2	7.156
2048	31.6986	-106.0389	1237	-3.6	8.9622
2059	31.7049	-106.0033	1275	3.7	14.1711
1892	31.6866	-105.9533	1333	12	17.7583
1891	31.6933	-105.6549	1436	17.2	11.539
1890	31.6933	-105.6066	1418	11.3	5.7466
1889	31.6852	-105.5833	1388	7.3	4.341
1888	31.6868	-105.53	1339	1.7	0.6533
1774	31.7142	-105.48	1340	4.1	-0.8127
1773	31.7083	-105.4183	1277	1.6	-0.3707
1765	31.6883	-105.4033	1272	1	-1.0106
1772	31.7065	-105.375	1271	12.5	8.5786
1771	31.7133	-105.3183	1229	20.4	17.6199
1763	31.6899	-105.2316	1217	14	8.2835
1770	31.7083	-105.2133	1183	11.8	8.8751
