6695	33.4816	-106.0583	1532	16.6	8.0746
6650	33.4675	-105.785	2321	82.2	-1.728
6648	33.46	-105.7367	2244	74.2	-0.2599
6645	33.4516	-105.6933	2151	74.8	8.5498
6644	33.4633	-105.6749	2196	87.1	14.4308
6643	33.46	-105.5417	2078	78.3	16.5497
6553	33.4767	-105.495	1981	64.4	10.5309
6551	33.4633	-105.34	1710	23.9	-3.2055
6552	33.4823	-105.2033	1707	8.6	-14.8349
6945	33.4471	-107.6749	2061	-0.7	-2.6329
6941	33.4308	-107.5324	1831	3.5	14.4252
6891	33.4304	-107.4878	1651	-19.1	6.8913
6892	33.4451	-107.4088	1814	9.6	7.8498
6775	33.4266	-106.9783	1436	-11.7	3.3746
6774	33.4216	-106.9099	1482	-1	12.9045
6777	33.4399	-106.8099	1444	-1.9	22.8322
6776	33.4483	-106.6866	1468	-1.4	27.2311
6694	33.4449	-106.1449	1421	-1.6	4.3041
6640	33.4299	-105.9883	2172	58.8	-9.7002
6639	33.4199	-105.6583	2188	85.1	13.0018
6637	33.4177	-105.6333	2137	82.7	16.2132
6641	33.4392	-105.585	2144	85.6	19.6233
6549	33.4352	-105.4783	1849	56.2	16.5211
6547	33.4177	-105.4117	1728	40.5	12.424
6546	33.4202	-105.38	1700	36.7	10.5344
6545	33.4317	-105.3083	1654	13.5	-7.6439
6544	33.4277	-105.2067	1776	20.7	-12.3764
6937	33.3974	-107.6671	1963	-8.9	-2.6678
6939	33.4033	-107.5316	1806	6	17.3638
6888	33.3949	-107.4971	1822	4.7	8.5399
6887	33.3933	-107.4499	1597	-26.5	-3.6999
6890	33.4166	-107.3479	1682	0.7	4.455
6886	33.3958	-107.3048	1587	-9.4	-1.3782
6885	33.3879	-107.2688	1512	-22.6	-10.3524
6884	33.3966	-107.0099	1404	-20.1	-3.2468
6773	33.3949	-106.8999	1465	2.2	19.4042
6772	33.3953	-106.6738	1568	7.7	27.9184
6693	33.3899	-106.4066	1415	-6.4	21.6226
6633	33.3933	-105.8033	3350	162.5	-19.3853
6631	33.3933	-105.7716	3053	138.9	-15.3681
6628	33.3924	-105.7216	2319	83	-0.2878
6627	33.3999	-105.6949	2258	83.6	5.1218
6626	33.3958	-105.6699	2217	84.1	8.9401
6542	33.4043	-105.4567	1769	51.6	20.1359
6540	33.4002	-105.32	1635	12.7	-7.9669
6539	33.3885	-105.27	1597	3.8	-13.0827
6538	33.3935	-105.2117	1652	8.8	-12.1694
6932	33.3608	-107.6306	1941	-2.1	1.5735
6935	33.3674	-107.5849	1976	9.2	4.8492
6930	33.3549	-107.5633	1883	16.7	18.745
6881	33.3554	-107.4556	1671	-12.4	-1.2317
6880	33.3533	-107.4216	1637	-19.1	-9.178
6879	33.3503	-107.2853	1523	-14.1	-4.9664
6878	33.3593	-107.1878	1376	-50.5	-30.391
6883	33.3674	-107.1021	1845	25.7	-6.6546
6882	33.3759	-107.0354	1422	-25.8	-12.5591
6771	33.3533	-106.9899	1404	-12.4	5.5422
6770	33.3583	-106.8549	1517	9.3	25.0313
6692	33.3689	-106.3986	1337	-17.7	16.2424
6691	33.3733	-106.2966	1292	-40.8	-13.8337
6690	33.3599	-106.2601	1308	-37.9	-18.6448
6625	33.367	-105.9567	1635	8.4	-9.5248
6624	33.3753	-105.9167	1752	18.5	-8.4588
6622	33.3643	-105.6667	2120	71.2	6.7349
6621	33.3535	-105.5533	1884	61.3	22.2181
6623	33.371	-105.5283	1859	62.6	24.1568
6537	33.3785	-105.4333	2009	78.9	16.9247
6536	33.3678	-105.25	1582	2.7	-14.7262
6535	33.3662	-105.21	1569	0.5	-12.6802
6927	33.3336	-107.7843	2152	26.1	21.536
6926	33.3343	-107.7571	2086	18	19.0212
6925	33.3366	-107.7299	2006	11.3	18.9055
6924	33.3399	-107.6949	1921	3.9	16.8995
6923	33.3366	-107.6616	1863	-11.6	3.3596
6876	33.3258	-107.4916	1729	-1.2	5.7322
6877	33.3403	-107.4728	1723	-3.2	2.973
6875	33.3331	-107.3948	1600	-22.4	-13.3909
6874	33.3316	-107.0583	1513	-5.7	-4.9891
6873	33.3183	-107.0283	1449	-13.3	-3.7029
6872	33.3249	-107.0099	1420	-14.3	0.0839
6769	33.3383	-106.9116	1506	12.8	25.6759
6768	33.3483	-106.7349	1662	21.1	29.8403
6689	33.3399	-106.3933	1293	-28.6	8.3628
6688	33.3173	-106.1151	1355	-33.2	-28.0113
6687	33.3216	-106.0749	1392	-16	-16.463
6686	33.3333	-106	1556	1.4	-11.5556
6619	33.3353	-105.745	2256	74.4	0.6167
6617	33.3303	-105.71	2137	62.2	-1.2422
6616	33.3295	-105.6783	2070	62.1	3.5983
6615	33.3245	-105.6117	1973	66	18.8108
6618	33.3337	-105.5833	1946	66.4	23.1535
6531	33.3428	-105.445	2069	87.8	17.7618
6528	33.3303	-105.2483	1777	23	-18.7534
6920	33.2899	-107.6716	1844	-5.3	12.635
6922	33.3066	-107.6399	1812	-8.3	8.6861
6921	33.3151	-107.5086	1749	0	6.1319
6867	33.2986	-107.4638	1681	-9.4	-3.9121
6865	33.2899	-107.3999	1595	-20.8	-15.3268
6871	33.3049	-107.3549	1550	-27.2	-19.0837
6870	33.3083	-107.3249	1545	-21.6	-15.0633
6869	33.3061	-107.2914	1444	-22.4	-7.8566
6868	33.3099	-107.0878	1897	31.5	-5.997
6864	33.2899	-107.0249	1462	-1.6	6.2399
6767	33.2986	-106.5319	2725	104.8	29.431
6612	33.2916	-105.6633	2102	62.1	0.1012
6613	33.3037	-105.6467	2036	62.5	8.2015
6522	33.3095	-105.4617	2050	82.1	13.8911
6521	33.3028	-105.27	1737	27.5	-12.065
6520	33.2949	-105.1883	1641	6.9	-17.2021
6914	33.2633	-107.6966	1933	10.4	19.668
6918	33.2716	-107.6716	1930	8.3	14.157
6917	33.2699	-107.6116	1756	-4.7	12.4201
6916	33.2816	-107.5816	1723	-2	15.7069
6915	33.2799	-107.5316	1756	5.6	10.8547
6863	33.2733	-107.4703	1667	-8.5	-2.9795
6855	33.2644	-107.4241	1597	-19.3	-13.8872
6862	33.2764	-107.3371	1538	-20.3	-15.2995
6854	33.2564	-107.3051	1504	-12.7	-8.6001
6852	33.2524	-107.2708	1476	-15.9	-11.9176
6851	33.2559	-107.1903	1357	-41.5	-26.7237
6860	33.2739	-107.1069	1446	-6	-0.7913
6858	33.2799	-107.0533	1518	3.8	2.7555
6857	33.2749	-107.0333	1490	2.1	5.7587
6856	33.2699	-107.0133	1476	2	8.9185
6685	33.2766	-106.2083	1296	-39.1	-25.9813
6611	33.2787	-105.8567	1984	43.6	-7.6799
6610	33.2716	-105.6966	2161	63.2	-4.2985
6609	33.2828	-105.68	2115	60	-2.6944
6607	33.2553	-105.535	2322	105.1	12.7586
6510	33.2553	-105.495	2228	105.4	19.1328
6515	33.2787	-105.4367	2005	76.6	11.0389
6509	33.2553	-105.3733	1906	64.7	5.8373
6508	33.2603	-105.28	1793	39.4	-8.655
6507	33.2516	-105.2116	1742	25.2	-14.9688
6912	33.2233	-107.7066	1898	9	22.7304
6844	33.2249	-107.4899	1672	0.5	4.3697
6850	33.2344	-107.4628	1634	-9.6	-5.1262
6842	33.2298	-107.4191	1575	-18.3	-14.3787
6841	33.2208	-107.3949	1553	-20.5	-17.1464
6839	33.2333	-107.3566	1450	-32	-19.4833
6838	33.2299	-107.3366	1433	-20.5	-7.9085
6847	33.2383	-107.2649	1467	-16.2	-13.0336
6846	33.2368	-107.1936	1360	-37.1	-24.0577
6845	33.2396	-107.0336	1460	0.3	6.4233
6760	33.2216	-106.8699	1621	26.1	30.1886
6758	33.2316	-106.8383	1690	30.6	29.9678
6765	33.2408	-106.8049	1763	37.4	31.5988
6762	33.2399	-106.7583	1909	50.7	33.3689
6761	33.2366	-106.7399	1960	57.5	34.8052
6756	33.2183	-106.7149	1943	59.7	40.088
6755	33.2303	-106.6391	2320	87	35.6953
6682	33.2316	-106.3983	1235	-42.1	-3.8688
6684	33.2499	-106.3359	1258	-38.9	-9.5153
6683	33.2383	-106.0599	1365	-31.9	-30.4554
6606	33.242	-105.8567	1884	27.9	-12.5408
6604	33.218	-105.8283	1971	35.1	-13.751
6603	33.2203	-105.7883	2118	52.6	-9.8737
6602	33.2228	-105.7483	2314	75.2	-6.5222
6601	33.2199	-105.6949	2276	75.1	-4.7043
6605	33.2437	-105.6667	2242	73.1	-3.7875
6600	33.232	-105.6217	2384	90.3	-2.8981
6599	33.2263	-105.5617	2267	93	10.5041
6503	33.2237	-105.49	2162	87.5	7.7353
6502	33.2172	-105.28	1827	61.3	7.6127
6501	33.2263	-105.225	1782	43.2	-3.7022
6504	33.2445	-105.1883	1714	16.3	-19.1844
6908	33.1974	-107.7758	2355	39.4	11.7201
6911	33.2041	-107.7233	1924	11	23.7565
6910	33.2023	-107.6563	1881	7.7	13.6113
6909	33.2009	-107.5564	1797	10.3	9.121
6831	33.1949	-107.4599	1609	-6.3	-1.3862
6830	33.1969	-107.4423	1573	-13.9	-7.7573
6835	33.2008	-107.3846	1532	-21.3	-17.533
6834	33.2091	-107.2383	1405	-23.2	-15.9433
6827	33.1999	-107.2016	1364	-25.2	-14.0072
6832	33.2086	-107.0316	1462	-1.3	3.7397
6750	33.1866	-106.9633	1497	6	13.5986
6748	33.1966	-106.9299	1527	12	20.3532
6752	33.2166	-106.8866	1578	18.4	25.7641
6751	33.2049	-106.7033	1892	56.3	42.0442
6745	33.1849	-106.6449	1582	24.1	45.7294
6744	33.1966	-106.5849	1417	4.9	43.3707
6743	33.1933	-106.5516	1337	-12.5	31.5208
6681	33.2083	-106.3166	1248	-39.3	-12.9366
6680	33.1899	-106.1199	1306	-33.9	-27.7417
6595	33.1966	-105.7183	2189	63.9	-4.7015
6598	33.2116	-105.7066	2234	70.6	-4.0097
6597	33.2103	-105.59	2305	88.4	4.2214
6596	33.2137	-105.53	2225	90.6	8.4391
6498	33.202	-105.4233	2031	87	16.2915
6497	33.2153	-105.3817	1999	81.9	11.9327
6495	33.1937	-105.3467	1929	75.1	11.2336
6494	33.1878	-105.2917	1853	62	4.9511
6493	33.1916	-105.2366	1791	63.7	13.9761
6906	33.1574	-107.7294	1862	6.6	25.7975
6826	33.1749	-107.4233	1542	-17.3	-11.9805
6820	33.1566	-107.3983	1514	-22.1	-17.5169
6825	33.1733	-107.2383	1348	-20.5	-8.399
6824	33.1699	-107.2049	1362	-17.8	-7.6008
6823	33.1683	-107.0616	1458	-3.1	-1.9297
6822	33.1773	-107.0309	1454	-4.3	0.6421
6821	33.1783	-107.0116	1482	-1.6	2.2245
6741	33.1716	-106.7999	1776	41.6	33.0602
6740	33.1783	-106.6666	1680	36.7	45.899
6739	33.1799	-106.5249	1268	-30.6	17.9102
6738	33.1733	-106.5033	1245	-37.2	11.2269
6678	33.1541	-106.4816	1220	-44.1	3.8998
6679	33.1833	-106.0583	1359	-37.5	-37.3059
6591	33.1587	-105.845	1803	15.6	-15.7101
6590	33.1662	-105.81	1898	26.4	-12.5795
6589	33.1574	-105.7716	2013	42.9	-5.536
6588	33.1633	-105.7433	2084	53.4	-1.3587
6593	33.1728	-105.6867	2331	74.8	-10.8412
6587	33.1599	-105.6799	2407	85.2	-9.0651
6592	33.1772	-105.565	2284	85.3	2.1235
6586	33.1628	-105.5117	2142	70.7	-3.3166
6491	33.1745	-105.465	2064	73.9	3.1484
6488	33.1595	-105.2933	1853	61.8	4.5045
6486	33.1645	-105.2633	1839	63.9	7.7222
6905	33.1349	-107.7249	1977	24.5	28.2079
6904	33.1341	-107.6083	1890	14.7	8.4429
6812	33.1266	-107.3683	1473	-28.6	-23.171
6810	33.1216	-107.2883	1294	-36.4	-16.8376
6809	33.1299	-107.2526	1297	-21.3	-4.484
6808	33.1333	-107.2383	1311	-22.3	-7.459
6816	33.1483	-107.2066	1298	-20.6	-3.7721
6814	33.1349	-107.1533	1464	-0.7	-3.3712
6807	33.1316	-107.1349	1491	2.5	-3.2656
6806	33.1288	-107.1054	1480	1.6	-2.9294
6805	33.1236	-107.0331	1445	-6.4	-2.5232
6737	33.1399	-106.9066	1519	10.4	20.3553
6736	33.1233	-106.6283	1458	10.8	43.5879
6735	33.1249	-106.6133	1422	4.9	42.0722
6734	33.1283	-106.5633	1261	-27.9	23.8028
6732	33.1274	-106.5283	1227	-39.5	12.0694
6731	33.1333	-106.5066	1220	-41.5	8.6697
6677	33.1391	-106.4666	1219	-47.1	-1.3955
6674	33.1183	-106.4366	1215	-50.7	-9.2582
6673	33.1183	-106.4166	1213	-52.8	-13.9844
6671	33.1199	-106.3616	1235	-49.6	-18.9162
6670	33.1183	-106.3466	1218	-46.2	-15.4892
6676	33.1393	-106.2854	1236	-36.9	-15.8828
6669	33.1323	-106.1594	1267	-28.2	-18.1778
6580	33.127	-105.995	1404	-14	-14.0967
6579	33.122	-105.92	1604	6.9	-8.0776
6585	33.1433	-105.9033	1669	10	-10.629
6578	33.1195	-105.84	1919	26.1	-16.7423
6583	33.142	-105.75	2071	50.5	-1.0705
6582	33.1383	-105.6533	2420	89	-7.1252
6581	33.1345	-105.575	2319	75.4	-8.9266
6480	33.1212	-105.4367	2038	60.5	-8.5265
6479	33.1303	-105.3917	1966	63.5	-0.8816
6478	33.127	-105.2767	1817	59.7	6.0149
6482	33.1437	-105.225	1758	58.6	12.7278
6800	33.0933	-107.3549	1359	-43.7	-28.0951
6804	33.1049	-107.3383	1435	-35.7	-29.3114
6799	33.0999	-107.2983	1296	-47.5	-28.4594
6798	33.0849	-107.1759	1449	-0.2	-3.0868
6802	33.1166	-107.0949	1470	1	-2.7109
6801	33.1066	-107.0666	1451	-1.9	-2.5148
6725	33.0858	-106.9416	1453	-6.3	5.3954
6723	33.0883	-106.9016	1498	2.7	13.7393
6721	33.0949	-106.8649	1555	14.9	22.6962
6720	33.0983	-106.8483	1582	18.2	24.4866
6719	33.0933	-106.7449	1902	61.9	41.3779
6718	33.0849	-106.6949	1699	41.6	44.1744
6716	33.0999	-106.6666	1596	28	44.2601
6730	33.1033	-106.6466	1549	22.1	44.0089
6728	33.1166	-106.6016	1377	-2.5	40.3686
6727	33.1166	-106.5816	1342	-8.6	35.5899
6715	33.0999	-106.5499	1219	-43.7	10.3565
6667	33.1141	-106.2983	1222	-37.5	-13.8057
6666	33.1116	-106.2716	1223	-36.2	-16.734
6665	33.1016	-106.2466	1223	-35.2	-20.1996
6663	33.0883	-106.0349	1359	-27.8	-27.9722
6573	33.0987	-105.9567	1509	2.1	-6.7719
6577	33.1166	-105.9283	1611	15.5	-1.535
6576	33.102	-105.8067	2084	40.8	-16.6859
6572	33.0945	-105.7183	2223	65.6	-4.1918
6575	33.1137	-105.65	2343	81.5	-5.1474
6570	33.0933	-105.6166	2311	77.4	-4.7499
6574	33.1003	-105.5667	2299	73.6	-8.2776
6569	33.0928	-105.5167	2200	69.6	-8.1979
6476	33.092	-105.47	2111	61.9	-11.2798
6477	33.1066	-105.2833	1842	62.3	5.8111
6901	33.0816	-107.6409	2018	26	9.4594
6797	33.0766	-107.3216	1338	-47.8	-33.0768
6792	33.0633	-107.3066	1308	-51.9	-35.3382
6790	33.0591	-107.2833	1290	-47	-30.1503
6789	33.0633	-107.1683	1498	5.9	-3.2744
6788	33.0616	-107.1366	1509	6.4	-4.0383
6787	33.0509	-107.1054	1495	3.9	-5.2287
6795	33.0749	-107.0566	1462	0.7	-1.2299
6794	33.0691	-107.0206	1435	-7.3	-2.8827
6793	33.0799	-107.0033	1439	-6.9	-0.7307
6713	33.0791	-106.9699	1450	-6.9	1.6572
6712	33.0783	-106.8066	1671	31.7	30.9797
6711	33.0766	-106.7066	1792	53	44.6273
6710	33.0549	-106.5268	1211	-40.1	10.2175
6657	33.0583	-106.4633	1225	-41.3	0.3904
6656	33.0634	-106.3676	1219	-44.2	-12.8607
6655	33.0549	-106.2816	1221	-28.8	-8.9246
6662	33.0799	-106.1883	1252	-26.3	-15.4662
6661	33.0766	-106.1699	1256	-23.6	-13.6548
6660	33.0766	-106.1483	1262	-21.1	-12.3865
6659	33.0766	-106.0933	1311	-23.1	-22.0141
6658	33.0733	-106.0333	1356	-27.6	-27.5827
6567	33.0685	-105.9583	1511	3.2	-6.3476
6565	33.0685	-105.8883	1765	22.9	-6.5159
6564	33.071	-105.82	2216	54.9	-19.2277
6563	33.0552	-105.7967	2296	63.8	-16.4492
6562	33.0633	-105.5766	2220	64.8	-4.9387
6472	33.0649	-105.2599	1751	50.3	3.3149
6471	33.0516	-105.2316	1719	45.4	2.6385
6785	33.0449	-107.2983	1316	-48.9	-34.5023
6784	33.0456	-107.1899	1527	7.8	-5.2222
6782	33.0259	-107.0139	1438	-4.4	-2.474
6709	33.0433	-106.6999	1787	53.6	43.1936
6654	33.0266	-106.1383	1341	-9.3	-9.6017
6560	33.0468	-105.7083	2360	81.1	-2.62
6557	33.0193	-105.635	2321	84.6	5.0603
6559	33.041	-105.5833	2226	68.1	-0.819
6558	33.0493	-105.5383	2156	60.1	-7.9437
6470	33.0335	-105.4883	2085	56.3	-10.2242
6467	33.0242	-105.33	1883	43.7	-15.0916
6466	33.0267	-105.29	1782	38.6	-10.9953
6465	33.0283	-105.2283	1693	37.2	-3.134
5655	32.9953	-107.4691	1546	-15.2	-10.9165
6780	33.0008	-107.3144	1364	-45	-36.3569
5653	32.9866	-107.1583	1730	27.8	-9.2285
6779	33.0054	-107.1231	1551	10.8	-6.677
5652	32.9899	-107.1149	1539	5.9	-10.9089
5651	32.9899	-107.0066	1422	-6.7	-4.6161
6708	33.0149	-106.7183	1712	32.2	27.8646
5456	32.9949	-106.5766	1480	13.4	35.8515
6556	33.0008	-105.9917	1361	-25.9	-21.2441
5224	32.9966	-105.7116	2791	128.2	0.3149
5223	32.9958	-105.6717	2422	95.2	5.6813
6555	33.0133	-105.6383	2352	87.1	4.0079
5222	32.9892	-105.5433	2224	71.1	-1.0633
5221	32.9842	-105.5033	2137	64.8	-3.1988
6461	33.01	-105.4467	2002	48.4	-12.1675
5069	32.9925	-105.415	1928	42	-12.9002
6460	33.0117	-105.25	1707	32.4	-10.536
6458	33.0133	-105.1933	1642	19.8	-12.4158
5779	32.9833	-107.7208	1955	13.6	12.2552
5642	32.9624	-107.4866	1568	-4.1	-0.5398
5650	32.9674	-107.4583	1523	-17.6	-13.4342
5649	32.9703	-107.4364	1486	-26.5	-21.7291
5647	32.9721	-107.3889	1438	-35.8	-31.0882
5646	32.9699	-107.3716	1419	-38.4	-32.7325
5645	32.9681	-107.3321	1304	-48	-32.2646
5644	32.9766	-107.2149	1909	48	-5.4138
5639	32.9549	-107.0966	1512	4.8	-10.4334
5643	32.9794	-107.0079	1421	-7	-5.5577
5455	32.9799	-106.9549	1394	-15.3	-6.0688
5449	32.9533	-106.8816	1421	-20.2	-9.6066
5454	32.9783	-106.8049	1550	15.5	20.1513
5453	32.9833	-106.7249	1667	29.6	27.4642
5448	32.9666	-106.5583	1316	0.9	38.1734
5451	32.9699	-106.5399	1256	-14.7	27.5602
5330	32.9566	-106.4449	1190	-40.4	0.3084
5329	32.9583	-106.3399	1197	-41.8	-12.2641
5328	32.9583	-106.2349	1213	-29.3	-14.2935
5327	32.9621	-106.1978	1239	-25.6	-13.598
5326	32.9568	-106.1551	1246	-28.4	-18.0357
5220	32.9732	-105.99	1359	-25.8	-20.1777
5213	32.9557	-105.9667	1378	-22.1	-15.0973
5212	32.9566	-105.9416	1429	-14.5	-9.5678
5210	32.9599	-105.8866	1636	16.8	4.9674
5209	32.9599	-105.8533	1862	43.9	9.7744
5207	32.9549	-105.8299	2039	64.1	12.9043
5206	32.9633	-105.7999	2167	71.7	10.0146
5205	32.9557	-105.755	2636	116.4	6.9818
5203	32.9557	-105.72	2565	106.1	3.8631
5201	32.9616	-105.6933	2483	100.8	7.0277
5200	32.9598	-105.6617	2412	92.1	5.9208
5199	32.9548	-105.555	2326	84	4.6213
5066	32.974	-105.4517	2045	50.4	-13.5781
5061	32.9623	-105.405	1944	41	-16.5637
5065	32.9692	-105.3567	1829	27.4	-22.3418
5064	32.98	-105.325	1816	31.3	-19.968
5059	32.9523	-105.3017	1754	21	-23.8689
5778	32.9433	-107.7033	1972	21.1	11.281
5774	32.9216	-107.6633	1780	10.2	15.3702
5772	32.9203	-107.6258	1694	7.1	16.6611
5771	32.9199	-107.5733	1608	-2.1	9.1041
5776	32.9349	-107.5433	1673	16.4	16.4248
5633	32.9299	-107.4866	1574	-4.2	-2.2084
5632	32.9233	-107.4696	1527	-13.2	-8.8315
5631	32.9264	-107.3163	1295	-42.1	-27.6334
5630	32.9233	-107.2633	1426	-8.1	-11.2878
5629	32.9333	-107.2183	1929	51.8	-4.2586
5635	32.9349	-107.1933	1762	37.3	-4.0548
5628	32.9316	-107.1583	1626	21.5	-6.8072
5634	32.9383	-107.1283	1547	12	-7.6514
5444	32.9333	-106.8749	1417	-17.5	-7.5662
5447	32.9399	-106.6999	1704	42.8	33.2629
5446	32.9383	-106.5483	1208	-31.2	18.6349
5445	32.9483	-106.5116	1195	-27.9	17.9602
5324	32.9188	-106.3518	1195	-46.2	-15.5706
5323	32.9326	-106.1533	1244	-29.2	-18.6305
5325	32.9478	-106.0749	1290	-19.2	-16.3531
5194	32.9263	-105.96	1342	-30.6	-17.4291
5198	32.9483	-105.8866	1712	23.8	4.2246
5193	32.9283	-105.8733	1812	30.9	4.3384
5197	32.9349	-105.8383	2129	73.1	12.0957
5190	32.9283	-105.7316	2598	118	13.9838
5196	32.944	-105.6283	2336	84.5	7.7092
5189	32.9266	-105.5849	2232	75.9	13.6148
5052	32.9213	-105.4283	1917	38.4	-11.5971
5051	32.9247	-105.3983	1871	30.1	-18.5812
5050	32.9199	-105.3699	1842	25.2	-23.5467
5056	32.9355	-105.3317	1777	20.2	-24.9698
5055	32.9383	-105.2749	1744	14.6	-31.0439
5048	32.929	-105.2383	1726	16.1	-28.8166
5768	32.9066	-107.7583	2333	49.9	4.644
5760	32.8966	-107.7299	2219	40.9	3.939
5766	32.9078	-107.7083	1987	23.1	10.2258
5765	32.9166	-107.6066	1671	4.5	13.551
5764	32.9049	-107.5683	1630	-0.5	6.8314
5759	32.8933	-107.5249	1621	14.9	16.3583
5626	32.9066	-107.4383	1410	-30.6	-18.4187
5625	32.9041	-107.4074	1375	-36	-24.5302
5624	32.9018	-107.3666	1333	-40.4	-27.178
5623	32.9049	-107.3233	1314	-37.9	-25.6904
5622	32.9049	-107.3108	1303	-35.6	-23.0721
5616	32.8983	-107.2299	1479	3.9	-6.3209
5621	32.9098	-107.1873	1692	31.2	-4.2598
5620	32.9099	-107.1616	1619	23.4	-4.7723
5619	32.9104	-107.1223	1541	12.6	-7.4399
5615	32.8956	-107.0589	1449	-2.8	-12.1756
5614	32.8949	-107.0416	1437	-5.7	-12.8239
5440	32.8999	-106.9916	1402	-11.8	-11.7215
5439	32.8983	-106.8666	1399	-15.1	-5.2
5438	32.8916	-106.8416	1417	-10.4	-0.8637
5436	32.8949	-106.6916	1610	27.8	25.9667
5442	32.9016	-106.6766	1650	35.7	29.9855
5318	32.8841	-106.4958	1223	-24	15.6066
5317	32.8883	-106.4383	1189	-40.1	-1.0083
5316	32.8999	-106.4033	1191	-44	-8.3289
5321	32.9116	-106.3749	1191	-46.4	-13.1405
5320	32.9033	-106.3483	1192	-45.9	-15.4615
5314	32.8849	-106.3049	1202	-42.3	-17.5713
5313	32.8933	-106.2733	1211	-37.9	-18.5198
5319	32.9088	-106.1513	1240	-30.2	-19.1837
5312	32.8846	-106.1493	1237	-28.8	-17.269
5185	32.8999	-105.9849	1321	-38.2	-25.7224
5188	32.9005	-105.9567	1323	-37.6	-20.8677
5182	32.8904	-105.9428	1336	-39.4	-21.8409
5180	32.8983	-105.8399	2304	87.6	10.4219
5179	32.8988	-105.78	2712	128	10.5693
5178	32.8928	-105.72	2541	110.8	15.6128
5177	32.8953	-105.68	2384	90.3	11.7258
5187	32.9072	-105.5567	2186	76.2	17.3248
5186	32.9047	-105.525	2104	63	7.1383
5046	32.9066	-105.4699	1990	47.7	-4.1229
5044	32.9155	-105.3667	1828	23.3	-23.9533
5043	32.9113	-105.3383	1802	22.2	-24.369
5042	32.9013	-105.2333	1686	11.3	-28.4625
5039	32.8912	-105.205	1651	9.9	-24.7379
5756	32.8769	-107.5428	1599	3.4	9.2334
5612	32.8833	-107.4883	1549	-1.6	2.0316
5611	32.8833	-107.4433	1498	-19.8	-17.4194
5610	32.8716	-107.4099	1386	-32.3	-22.4675
5609	32.8633	-107.3799	1347	-35.7	-23.5985
5608	32.8566	-107.2516	1676	17.6	-10.4597
5607	32.8516	-107.2483	1542	8.4	-8.9468
5606	32.8516	-107.0149	1367	-15	-14.4147
5430	32.8666	-106.8933	1364	-19.8	-10.1191
5435	32.8816	-106.8816	1380	-15.4	-5.6357
5429	32.8599	-106.7566	1524	13.7	17.1767
5434	32.8833	-106.7199	1557	20.4	23.0672
5433	32.8724	-106.6749	1629	33.2	28.6945
5431	32.8699	-106.6249	1664	43.3	36.2592
5426	32.8516	-106.6116	1604	36.3	35.7023
5424	32.8624	-106.5316	1349	7.1	34.65
5311	32.8699	-106.4883	1231	-20.1	18.0124
5310	32.8733	-106.4749	1210	-28.9	10.6852
5304	32.8516	-106.4066	1189	-37.4	-0.3003
5308	32.8749	-106.2883	1211	-38.8	-17.0095
5307	32.8749	-106.1616	1231	-26.7	-14.0267
5306	32.8733	-106.1166	1243	-31.2	-21.4407
5305	32.8733	-106.0733	1261	-34.5	-27.8742
5176	32.8733	-105.9966	1284	-39.2	-24.4703
5175	32.8716	-105.9666	1304	-39.6	-22.6524
5172	32.8583	-105.8383	2196	72.5	5.9467
5173	32.872	-105.6233	2270	80.7	13.883
5170	32.8566	-105.5983	2171	76.2	22.1948
5169	32.8527	-105.5383	2095	57.2	4.3136
5029	32.8616	-105.4566	2054	54	-8.3304
5028	32.8543	-105.3633	2001	46.3	-20.5018
5027	32.8599	-105.1983	1640	14.4	-18.8496
5748	32.8224	-107.7699	2282	51.4	1.4363
5751	32.8349	-107.6148	1677	12.9	17.4065
5747	32.8183	-107.5699	1657	13	13.4215
5750	32.8466	-107.5316	1589	11.4	15.6467
5605	32.8383	-107.4699	1523	-5.1	-2.5274
5604	32.8366	-107.4399	1453	-18.2	-12.162
5603	32.8366	-107.3933	1381	-29.5	-20.6085
5602	32.8384	-107.3196	1275	-31.2	-15.5254
5600	32.8383	-107.2316	1384	-1.2	-3.0514
5594	32.8283	-107.2049	1423	3.7	-3.1651
5592	32.8216	-107.1266	1509	15.8	-2.0875
5599	32.8349	-107.1083	1456	7.4	-4.711
5597	32.8349	-107.0683	1400	-3.5	-9.3067
5596	32.8336	-107.0368	1378	-9.4	-11.626
5423	32.8349	-106.9633	1341	-19.9	-14.3048
5416	32.8333	-106.8983	1347	-26.1	-16.9441
5421	32.8383	-106.7849	1435	-3	6.5532
5420	32.8416	-106.7783	1455	-0.2	7.9249
5419	32.8433	-106.5949	1494	22.3	36.6906
5417	32.8499	-106.5616	1404	17.1	42.1914
5303	32.8383	-106.4649	1200	-28.6	11.5881
5302	32.8366	-106.0549	1272	-39.6	-31.5151
5301	32.8499	-106	1280	-41.4	-26.8339
5168	32.8418	-105.975	1287	-43.3	-25.9207
5165	32.8168	-105.9449	1283	-44.2	-20.422
5167	32.8399	-105.8233	2313	82.2	5.0413
5163	32.8292	-105.7867	2700	119.1	0.7543
5162	32.8242	-105.71	2501	102.4	8.4016
5161	32.8292	-105.66	2353	89.5	12.3044
5024	32.8458	-105.4549	2046	53.3	-8.4754
5020	32.8292	-105.4483	2013	49.6	-9.2654
5018	32.8267	-105.4133	2027	53.5	-10.9778
5023	32.8449	-105.3633	2009	49.9	-17.835
5022	32.8452	-105.2733	1760	20.3	-26.2887
5016	32.8283	-105.25	1739	20.1	-25.7062
5015	32.8224	-105.2099	1665	20.5	-15.8935
5743	32.8008	-107.5683	1643	11.1	12.0906
5740	32.7841	-107.5424	1551	10	17.7219
5742	32.8083	-107.5066	1550	8.2	12.532
5579	32.7983	-107.4833	1501	0.8	6.9137
5588	32.8166	-107.4216	1377	-25.4	-13.4315
5578	32.7916	-107.4133	1408	-18.5	-11.7438
5587	32.8133	-107.3833	1332	-26.6	-12.8726
5586	32.8058	-107.3233	1272	-34.5	-18.3481
5576	32.7983	-107.2899	1263	-29.3	-14.4064
5584	32.8111	-107.2728	1294	-14	-3.6054
5583	32.8083	-107.2133	1447	6.3	-3.1085
5582	32.8116	-107.1599	1483	9.8	-4.8081
5581	32.8074	-107.1283	1529	19.1	-1.0609
5575	32.7933	-107.1166	1496	16.1	-0.3356
5580	32.8076	-107.0249	1363	-16.6	-17.4016
5411	32.7983	-106.8916	1335	-28.5	-19.5282
5410	32.7916	-106.7933	1397	-9.1	1.5164
5413	32.8116	-106.7833	1415	-5.5	5.0805
5412	32.8049	-106.5049	1308	5	35.2107
5300	32.8133	-106.2666	1208	-33	-12.5979
5297	32.7849	-106.1733	1220	-25.8	-10.3752
5295	32.7966	-106.1366	1230	-25.1	-12.308
5294	32.7949	-106.1133	1221	-28.7	-15.9806
5159	32.8156	-105.9619	1265	-49.2	-27.2608
5158	32.8083	-105.8783	2472	93.9	0.1572
5154	32.7882	-105.835	2333	83	1.6926
5153	32.7849	-105.6216	2328	97.9	22.4914
5152	32.7982	-105.605	2295	84.4	13.6141
5151	32.7982	-105.5667	2207	73	11.1125
5156	32.8057	-105.5167	2138	63.3	-0.0485
5009	32.7933	-105.4716	2080	63.5	-0.0173
5012	32.8016	-105.4083	2028	57.6	-7.4232
5007	32.794	-105.38	2027	57.8	-9.8562
5006	32.789	-105.2917	1766	33.7	-11.4167
5005	32.7916	-105.2816	1774	37.5	-9.3675
5011	32.8015	-105.2383	1714	23	-19.6429
5010	32.815	-105.1967	1659	16.5	-18.6064
5736	32.7566	-107.6649	1756	3.4	-1.5963
5739	32.7783	-107.6316	1760	20.8	13.7168
5738	32.7766	-107.5533	1568	9.6	16.4093
5734	32.7583	-107.5466	1558	11.6	18.1178
5574	32.7699	-107.4899	1519	1.8	6.077
5573	32.7724	-107.4583	1490	-4.3	-0.8233
5572	32.7749	-107.4333	1434	-11.9	-5.3884
5571	32.7808	-107.4066	1396	-16.1	-8.44
5564	32.7628	-107.3249	1290	-27	-12.7364
5563	32.7641	-107.2641	1251	-28.9	-14.2533
5562	32.7633	-107.1399	1549	20.7	-0.3238
5569	32.7683	-107.0933	1436	7.7	-3.0603
5561	32.7666	-107.0633	1386	-4.5	-9.7237
5560	32.7649	-107.0416	1343	-17.9	-17.9596
5559	32.7503	-107.0071	1320	-26.8	-23.8181
5409	32.7799	-106.8849	1329	-29.4	-20.2074
5402	32.7649	-106.8649	1330	-28.7	-18.6702
5406	32.7716	-106.8333	1357	-20.9	-10.6427
5405	32.7833	-106.8016	1388	-9.8	0.604
5292	32.7558	-106.4866	1324	4.3	31.7461
5291	32.7566	-106.3966	1191	-30.9	6.9141
5293	32.7699	-106.0566	1233	-29.5	-17.1934
5150	32.7747	-105.9833	1237	-48.9	-27.6806
5146	32.7638	-105.7817	2556	104.3	1.3005
5149	32.7672	-105.6783	2590	113.1	7.7551
5148	32.7782	-105.605	2340	90.3	13.5543
5147	32.7713	-105.5	2114	66.5	3.0661
4998	32.7747	-105.4667	2038	61.3	2.1563
4997	32.7772	-105.3333	1821	36.5	-11.211
4992	32.7503	-105.2717	1808	40.2	-10.0792
4991	32.7613	-105.24	1745	28.8	-16.4008
4995	32.7697	-105.2	1684	24.4	-12.973
5731	32.7344	-107.7841	1871	5.2	-10.5248
5730	32.7349	-107.6883	1815	0.9	-11.6329
5729	32.7383	-107.6399	1704	11.1	8.3507
5727	32.7349	-107.5916	1682	16.6	13.0397
5726	32.7416	-107.5666	1617	16.6	18.2217
5725	32.7416	-107.5266	1565	10.4	13.2981
5724	32.7483	-107.5066	1578	8.1	7.444
5558	32.7423	-107.4676	1498	-4.1	-0.7534
5557	32.7359	-107.4191	1458	-5.4	-3.7267
5552	32.7216	-107.3333	1346	-15.8	-7.3072
5556	32.7408	-107.2639	1248	-30.1	-15.033
5551	32.7251	-107.2436	1247	-29.9	-15.8747
5550	32.7299	-107.1283	1437	2	-8.2397
5549	32.7233	-107.1149	1354	-5	-6.3514
5555	32.7499	-107.0249	1326	-25.9	-24.0219
5554	32.7358	-107.0016	1332	-28.1	-26.7069
5401	32.7483	-106.9516	1350	-24.1	-22.8553
5400	32.7466	-106.9333	1349	-21.8	-19.8158
5397	32.7316	-106.9049	1349	-20.5	-17.6476
5396	32.7333	-106.8566	1325	-29.1	-19.2734
5395	32.7308	-106.8233	1349	-22.2	-11.9298
5394	32.7316	-106.5899	1759	51.2	32.4479
5290	32.7399	-106.3949	1034	-15	42.9611
5288	32.7283	-106.3266	1239	-25.7	0.2589
5287	32.7316	-106.2183	1210	-24.9	-6.4799
5289	32.7399	-106.2049	1210	-24.1	-6.1054
5285	32.7266	-106.1699	1212	-23.9	-6.9284
5282	32.7266	-106.1316	1224	-23.1	-9.1362
5135	32.7183	-105.9916	1223	-44.1	-23.1532
5144	32.7433	-105.9683	1232	-51.7	-28.3716
5134	32.726	-105.9267	1239	-53.5	-25.1031
5141	32.7483	-105.9133	1344	-31	-7.4803
5140	32.7478	-105.8383	2307	83.5	2.0564
5133	32.7249	-105.7299	2442	98.7	10.6052
5132	32.7274	-105.7083	2675	125.7	9.6918
5137	32.7412	-105.6317	2465	101.7	9.8755
5130	32.7299	-105.5566	2251	84	13.0806
5136	32.7343	-105.5267	2204	80.4	10.421
4989	32.7428	-105.4817	2067	70.1	9.6896
4983	32.7249	-105.3533	1915	57.5	0.3545
4987	32.7349	-105.2949	1879	55.9	-0.8535
4982	32.7308	-105.2183	1766	37.8	-8.8112
4986	32.7441	-105.1916	1709	33.6	-5.7559
5720	32.7099	-107.7016	1869	9.9	-10.5494
5719	32.7049	-107.6699	1756	0.9	-8.7653
5718	32.7093	-107.6499	1717	4.6	-1.3312
5717	32.7099	-107.5566	1604	15.9	16.0037
5714	32.6999	-107.5416	1575	12.1	13.347
5541	32.6899	-107.4549	1457	-8.2	-2.9773
5548	32.7116	-107.4433	1467	-7	-3.7744
5547	32.7158	-107.4133	1407	-4.7	1.8017
5540	32.6933	-107.3549	1318	-22.8	-9.6802
5546	32.7083	-107.3266	1305	-19.7	-6.9387
5545	32.7166	-107.2299	1245	-30.2	-16.3092
5544	32.7043	-107.2126	1243	-30.3	-16.6659
5543	32.7033	-107.1066	1297	-12.4	-7.5541
5535	32.6958	-107.0646	1461	-1.9	-14.429
5534	32.6838	-107.0228	1332	-29.7	-29.0433
5542	32.7016	-107.0033	1335	-30.3	-29.6551
5393	32.7066	-106.9366	1340	-27.9	-26.1599
5392	32.7083	-106.8233	1317	-30.2	-16.9611
5391	32.7116	-106.7816	1326	-23.5	-6.9766
5390	32.7166	-106.7433	1363	-11.5	4.8776
5389	32.7066	-106.6099	1478	19.7	28.9842
5275	32.6933	-106.4566	1201	-18	22.5911
5274	32.6899	-106.3949	1025	-17.7	41.9739
5272	32.6916	-106.2899	1215	-28.7	-3.8674
5271	32.6999	-106.2733	1214	-27.7	-5.0044
5278	32.7016	-106.2316	1223	-24	-6.2204
5277	32.7033	-106.1266	1388	-7.5	-9.6395
5270	32.6949	-106.1066	1215	-23.7	-9.4734
5276	32.7033	-106.0616	1215	-23.3	-9.0698
5267	32.6949	-106.0349	1215	-33.2	-16.0948
5123	32.6882	-105.9983	1219	-40.2	-19.8763
5122	32.6898	-105.9467	1241	-45.4	-22.2675
5120	32.6932	-105.8967	1269	-45.2	-18.1721
5129	32.7108	-105.7733	2486	102.2	6.9544
5118	32.6965	-105.73	2292	86.5	10.2495
5127	32.7133	-105.6866	2613	120.4	9.7699
5125	32.7083	-105.6549	2621	121.5	9.5123
5117	32.6883	-105.6316	2468	103.9	7.1438
5116	32.6915	-105.605	2425	100.1	8.632
5115	32.6966	-105.5566	2286	92.6	14.4633
4978	32.7108	-105.4633	2075	71.7	6.2611
4975	32.6999	-105.4449	2078	75.4	6.7388
4973	32.6974	-105.4049	1998	65.1	1.4592
4972	32.6983	-105.3649	1945	59.9	-1.2218
4971	32.6933	-105.2416	1810	43.2	-9.3179
4969	32.6915	-105.195	1719	28.8	-12.7859
5712	32.6736	-107.7883	1795	5.4	-8.9348
5711	32.6699	-107.6583	1748	9.9	-2.6303
5709	32.6649	-107.6099	1617	6.3	5.7913
5708	32.6616	-107.5656	1581	12.1	12.6922
5707	32.6549	-107.5099	1490	-1	4.8369
5524	32.6516	-107.3549	1400	-5	-1.2975
5533	32.6699	-107.3349	1292	-20.2	-5.1377
5531	32.6786	-107.2126	1239	-26.5	-12.1532
5521	32.6616	-107.1749	1247	-24.9	-12.5036
5519	32.6656	-107.1358	1235	-26.4	-13.8021
5526	32.6694	-107.1024	1232	-28.9	-16.8015
5525	32.6716	-107.0649	1238	-27.4	-16.445
5383	32.6516	-106.9733	1340	-28.8	-28.8139
5382	32.6616	-106.8399	1338	-20.3	-12.1658
5381	32.6599	-106.7666	1316	-22.4	-4.4745
5380	32.6666	-106.7366	1334	-16.9	1.7628
5378	32.6649	-106.6566	1407	7.3	21.2979
5385	32.6766	-106.6349	1446	15.4	26.2862
5384	32.6766	-106.5583	1743	57.5	41.541
5262	32.6516	-106.4416	1238	-14.2	21.7058
5265	32.6683	-106.3283	1207	-32	-1.5363
5263	32.6749	-106.2949	1211	-29.9	-3.7685
5258	32.6633	-106.2599	1210	-26.7	-4.7424
5257	32.6549	-106.0016	1220	-44.7	-25.261
5111	32.6622	-105.915	1272	-42	-20.3791
5110	32.652	-105.7067	2180	81	11.8361
5109	32.6553	-105.6283	2500	113.6	11.1619
5114	32.6755	-105.6033	2406	102.2	11.4785
4968	32.6774	-105.4983	2082	80	15.2856
4967	32.6783	-105.4783	2040	74	11.845
4966	32.6716	-105.4466	1977	66.6	7.6866
4965	32.6699	-105.4149	1993	65.6	1.8584
4957	32.6633	-105.3783	1860	49.3	-2.7576
4956	32.6633	-105.3033	1828	45.7	-7.4413
4962	32.6697	-105.275	1795	36.4	-14.1414
4959	32.6716	-105.1983	1840	48.9	-6.4468
5700	32.6333	-107.7849	1728	11.8	0.1005
5699	32.6216	-107.7166	1662	-13.1	-18.2206
5704	32.6399	-107.6449	1647	4.1	-0.1863
5697	32.6266	-107.5916	1567	7.5	9.1507
5696	32.6199	-107.5649	1539	8.7	11.6286
5516	32.6374	-107.3683	1395	-2.7	2.3247
5514	32.6433	-107.3366	1283	-20.4	-3.7598
5513	32.6378	-107.2559	1372	-9.3	-7.7656
5512	32.6383	-107.2266	1329	-15.2	-10.0123
5511	32.6449	-107.2099	1310	-17.3	-10.6666
5510	32.6449	-107.1683	1321	-15.3	-11.1963
5509	32.6399	-107.1499	1357	-8.2	-8.5609
5507	32.6366	-107.0616	1227	-32.1	-19.7822
5506	32.6433	-107.0266	1223	-33.3	-20.596
5377	32.6466	-106.9299	1326	-29.6	-27.2951
5376	32.6399	-106.7533	1321	-21.8	-3.4701
5372	32.6216	-106.7416	1316	-23	-3.5186
5375	32.6466	-106.6133	1471	20.5	28.9922
5374	32.6366	-106.5816	1589	38.1	35.1304
5371	32.6233	-106.5233	1537	36.2	41.187
5370	32.6283	-106.5083	1477	28.9	39.9159
5256	32.6416	-106.4799	1361	13.6	36.7085
5254	32.6449	-106.4116	1212	-22	15.8868
5251	32.6449	-106.3599	1397	-3.7	11.5023
5250	32.6499	-106.3483	1206	-30.8	2.0172
5249	32.6349	-106.0049	1218	-30.7	-11.5676
5102	32.6326	-105.9639	1246	-34.4	-15.3944
5101	32.6303	-105.9363	1264	-34.7	-15.7239
5099	32.6284	-105.8959	1312	-29.9	-13.4776
5097	32.6259	-105.8656	1379	-16.8	-5.9025
5096	32.6269	-105.8413	1446	-5.9	-0.274
5095	32.6199	-105.6516	2027	70.1	15.6137
5104	32.6433	-105.5516	2315	102.6	16.1701
5103	32.6408	-105.5266	2215	92.7	13.8303
4943	32.6277	-105.4017	1846	47	-3.8097
4952	32.6495	-105.3083	1783	33.2	-15.1788
4951	32.6349	-105.2733	1763	36	-11.635
4950	32.6428	-105.2483	1860	43.4	-15.7312
5688	32.5976	-107.7673	1698	18.1	6.2366
5693	32.6099	-107.6849	1655	4.1	-2.472
5686	32.5999	-107.6266	1629	3.3	-2.5142
5691	32.6051	-107.5218	1489	-0.7	4.181
5690	32.6049	-107.5049	1476	-2.3	2.831
5500	32.6083	-107.3883	1403	3	8.1377
5499	32.6016	-107.3233	1368	-4.8	1.0107
5498	32.6043	-107.3158	1368	-5	0.4194
5496	32.6166	-107.2816	1371	-6.5	-3.2354
5490	32.5878	-107.2216	1544	11.8	-5.6961
5495	32.6011	-107.1664	1454	3.2	-6.8904
5494	32.6016	-107.1466	1454	3.1	-7.6735
5493	32.6083	-107.0663	1343	-18.7	-19.1837
5492	32.6149	-107.0224	1228	-28.4	-16.3321
5369	32.6049	-106.9483	1318	-26.4	-24.1795
5368	32.6049	-106.8483	1316	-28.6	-19.9788
5367	32.6033	-106.7416	1318	-25.7	-6.8381
5366	32.5949	-106.7033	1335	-20.8	-2.3483
5242	32.5999	-106.4683	1426	21.5	37.7837
5246	32.6049	-106.4366	1346	7.1	31.3134
5240	32.5916	-106.4099	1240	-14.2	20.9116
5245	32.6033	-106.3133	1221	-30.9	-3.0353
5244	32.6049	-106.0899	1220	-17.9	-3.9272
5243	32.6033	-106.0083	1230	-25.3	-8.2092
5094	32.6133	-105.8833	1345	-22.8	-10.3126
5093	32.6049	-105.6183	1962	65.5	17.211
5092	32.5949	-105.5899	1910	59.3	16.8398
5091	32.5866	-105.5299	1955	62.7	8.6129
5090	32.5966	-105.5099	2001	67.7	6.9366
4936	32.6066	-105.4683	1947	63.2	5.1844
4934	32.6033	-105.4299	1874	53.6	0.3312
4933	32.6083	-105.3983	1825	46	-3.7878
4927	32.5858	-105.3433	1785	41.9	-7.443
4931	32.6133	-105.2916	1721	33.3	-10.0446
4930	32.6024	-105.2799	1685	33.2	-6.5856
4929	32.6058	-105.2333	1643	20.1	-15.6258
4926	32.5949	-105.2133	1610	18.3	-13.464
5682	32.5756	-107.8016	1623	12.7	6.2062
5681	32.5766	-107.7016	1817	41.8	15.5311
5673	32.5666	-107.6816	1704	18.8	3.4759
5679	32.5786	-107.6189	1596	0.1	-3.7512
5480	32.5638	-107.4646	1426	6.5	13.3656
5486	32.5748	-107.4209	1429	5.2	8.8801
5485	32.5741	-107.4016	1403	3.6	9.1424
5478	32.5583	-107.3083	1388	-3.1	0.0651
5477	32.5579	-107.2783	1417	0.2	-1.0009
5476	32.5566	-107.2349	1507	9.1	-3.6917
5475	32.5566	-107.1949	1417	0.5	3.223
5482	32.5704	-107.0534	1402	-5	-12.0683
5481	32.5833	-107.0433	1363	-12.1	-14.9807
5365	32.5833	-106.9966	1218	-24.5	-11.3061
5364	32.5799	-106.9216	1320	-28.1	-26.1061
5363	32.5799	-106.8783	1326	-32.5	-28.1762
5362	32.5683	-106.8099	1330	-30.2	-20.1757
5357	32.5633	-106.7433	1318	-30.9	-12.9392
5360	32.5749	-106.6716	1347	-17.7	0.4996
5359	32.5716	-106.6483	1378	-5.4	10.3516
5358	32.5683	-106.5683	1601	37.2	31.9303
5238	32.5833	-106.4949	1543	32.7	39.0955
5237	32.5683	-106.0149	1229	-26.9	-10.5622
5087	32.5587	-105.9167	1275	-22.4	-6.5698
5086	32.5595	-105.7633	1746	34.1	4.2877
5085	32.5645	-105.7233	1837	44.3	5.2417
5083	32.5624	-105.5583	1799	45.2	10.0678
5088	32.5833	-105.5067	1983	62.3	2.2841
4916	32.5666	-105.4249	1893	57.5	-0.3992
4915	32.5549	-105.4099	1937	62.4	-1.8589
4920	32.5699	-105.3383	1808	44.2	-8.5188
4919	32.5766	-105.2683	1699	31.5	-10.7662
5664	32.5179	-107.7841	1649	22.7	9.4771
5663	32.5316	-107.7683	1708	32	14.0963
5670	32.5366	-107.6849	1623	22.5	14.597
5662	32.5241	-107.5994	1490	-6.7	-2.4677
5661	32.5241	-107.5566	1460	-10.8	-4.4961
5667	32.5401	-107.5426	1453	-10.3	-3.037
5467	32.5316	-107.4866	1415	5.6	14.0565
5466	32.5323	-107.4009	1369	-2.7	6.1762
5464	32.5183	-107.3483	1385	-1.8	3.243
5472	32.5466	-107.2266	1393	-2.8	0.0518
5471	32.5399	-107.2033	1550	11.6	-5.7982
5462	32.5333	-107.1533	1582	14.8	-8.7959
5470	32.5406	-107.1289	1499	7.2	-7.8797
5469	32.5433	-107.1166	1472	4.4	-8.1051
5461	32.5183	-107.0749	1375	4.2	1.2319
5468	32.5343	-107.0316	1385	-5.1	-10.2275
5348	32.5283	-106.9816	1214	-19.3	-5.4029
5355	32.5399	-106.9149	1311	-16.9	-14.1727
5353	32.5449	-106.8233	1326	-26.8	-17.9587
5345	32.5299	-106.8049	1326	-21.2	-10.7031
5344	32.5316	-106.7666	1318	-28	-12.9859
5342	32.5316	-106.7183	1314	-31.9	-13.1374
5351	32.5433	-106.5899	1689	37.2	22.2261
5350	32.5383	-106.5683	1594	32.3	27.5565
5339	32.5316	-106.5383	1809	58.5	30.0444
5349	32.5349	-106.5033	1613	35.8	31.7088
5233	32.5299	-106.4549	1404	9.2	29.1102
5231	32.5283	-106.4266	1273	-13.9	18.0957
5230	32.5249	-106.2616	1216	-34.7	-11.6767
5229	32.5316	-106.0266	1230	-12.4	3.4721
5080	32.5216	-105.9833	1230	-19.1	-1.5739
5082	32.5495	-105.81	1577	15.9	1.9759
5079	32.5258	-105.5899	1706	36.4	8.7716
5081	32.5449	-105.5716	1753	40.6	9.7287
5077	32.5249	-105.5133	1840	50.1	1.0161
4906	32.5299	-105.4699	2011	69.4	-1.2395
4912	32.536	-105.4383	1896	56.1	-3.8947
4911	32.5383	-105.3316	1711	34	-10.2422
4202	32.4916	-107.7949	1599	22.4	12.252
5658	32.5083	-107.6816	1590	21.3	15.0683
5657	32.5066	-107.6483	1552	3.1	0.1574
4201	32.4999	-107.5416	1424	-12.7	-4.1215
5656	32.5016	-107.5116	1405	-7	2.6369
5460	32.5048	-107.4001	1371	-1.7	6.6389
5458	32.5049	-107.3659	1379	-1.6	4.6555
5457	32.5154	-107.0808	1378	4.7	1.6396
5337	32.5083	-106.9716	1220	-20.2	-7.1524
5336	32.5016	-106.9266	1210	-13.5	0.4395
3871	32.4933	-106.8983	1231	-12.9	-0.3055
3870	32.4933	-106.8783	1283	-4	4.3287
5335	32.5074	-106.8199	1495	18.7	9.0717
5334	32.5016	-106.8066	1429	12.6	11.1986
5332	32.5016	-106.7399	1312	-25.9	-8.475
3864	32.4899	-106.6999	1317	-30.8	-12.5076
3863	32.4849	-106.6833	1336	-27.9	-11.1012
3862	32.4883	-106.6366	1405	-14.8	-3.4698
3860	32.4899	-106.6149	1467	3.6	9.142
3859	32.4863	-106.5098	1632	28.4	19.5264
3609	32.4916	-106.4701	1411	3.4	22.0509
3607	32.4949	-106.4216	1229	-34.6	1.4768
3606	32.4884	-106.3884	1204	-40.9	-4.3166
3605	32.4863	-106.3779	1203	-40.8	-4.9719
3604	32.4966	-106.1916	1226	-16.5	2.8122
5225	32.5116	-106.1599	1228	-3.7	14.2543
3603	32.4983	-106.1166	1432	13.6	8.6728
5076	32.5148	-105.9683	1218	-24.1	-4.7614
5075	32.5066	-105.9216	1278	-14	-0.2502
5074	32.5048	-105.9083	1265	-17.9	-2.2739
3381	32.4963	-105.8617	1354	-5.2	0.8882
3380	32.4899	-105.8216	1501	12.3	2.1721
3379	32.4845	-105.8167	1502	11.8	1.1795
3377	32.4866	-105.7599	1553	21.6	6.7373
5072	32.5107	-105.685	1686	32.8	4.7452
3376	32.4933	-105.5916	1636	26.7	2.5373
3374	32.4947	-105.5667	1667	30.2	1.9175
3217	32.4933	-105.4933	1854	53.6	-1.9614
3216	32.4966	-105.4699	1842	52.8	-2.7233
3215	32.4883	-105.4299	1742	42.5	-5.1043
3214	32.4983	-105.3349	1635	27.4	-11.3032
3213	32.4874	-105.1949	1440	7.4	-10.5786
4187	32.4533	-107.7983	1503	18	15.243
4196	32.4669	-107.7251	1506	24.3	24.0306
4195	32.4816	-107.7149	1562	29.1	24.6897
4194	32.4799	-107.6699	1562	15.5	9.881
4192	32.4743	-107.6289	1472	-1.8	1.8014
4186	32.4533	-107.5466	1392	-13.1	-3.0567
3966	32.4566	-107.3716	1416	5	6.8925
3969	32.4749	-107.2466	1541	11	-4.6032
3968	32.4783	-107.1866	1652	23.1	-6.5409
3967	32.4756	-107.1183	1476	12.9	0.502
3965	32.4633	-107.1099	1465	13.1	1.4988
3858	32.4683	-106.9649	1271	-5.6	1.6735
3857	32.4799	-106.9216	1208	-16.3	-2.0637
3843	32.4649	-106.8999	1204	-13.5	2.0998
3855	32.4716	-106.8616	1299	0.4	8.1185
3854	32.4683	-106.8333	1341	4.7	10.0336
3853	32.4699	-106.8016	1442	13.7	10.7496
3838	32.4599	-106.7683	1416	9.2	12.0628
3836	32.4628	-106.7333	1322	-16.2	-0.4805
3848	32.4749	-106.6999	1322	-29.1	-11.7285
3835	32.4666	-106.6649	1362	-24.2	-9.9034
3845	32.4749	-106.6149	1462	0.7	6.4376
3834	32.4641	-106.5218	1647	27.3	15.9229
3844	32.4706	-106.5081	1557	17.1	15.9662
3585	32.4589	-106.4699	1363	-7.1	13.3272
3599	32.4714	-106.4359	1241	-35.2	-0.8233
3582	32.4599	-106.3866	1200	-44.7	-8.1614
3581	32.4616	-106.3583	1203	-41.8	-7.8129
3596	32.4691	-106.3299	1218	-38.7	-8.7925
3580	32.4599	-106.2883	1218	-35.9	-10.0013
3579	32.4666	-106.2733	1217	-36.6	-12.1437
3592	32.4766	-106.2266	1231	-20.3	-0.7084
3591	32.4799	-106.2049	1229	-18.2	1.2211
3578	32.4533	-106.1349	1268	-0.8	12.4505
3588	32.4674	-106.0999	1300	5.2	13.1312
3576	32.4533	-106.0816	1299	2.8	10.0383
3587	32.4816	-106.0499	1248	-9	4.2927
3372	32.4735	-105.725	1561	22.1	4.9139
3370	32.4699	-105.6966	1561	22.9	4.7308
3367	32.4652	-105.6733	1579	23.9	2.7921
3365	32.4649	-105.6383	1553	21.1	2.5381
3368	32.4783	-105.6049	1592	23.1	1.853
3205	32.4549	-105.4516	1739	42.9	-6.2169
3210	32.4799	-105.4416	1781	47	-5.0797
3209	32.4735	-105.35	1592	24.2	-11.2282
3208	32.4691	-105.2583	1534	21.9	-8.6066
3207	32.4766	-105.2249	1494	14	-11.4672
4184	32.4343	-107.7984	1483	11.9	9.8731
4174	32.4221	-107.7621	1449	17.6	19.1965
4183	32.4353	-107.7234	1451	19.9	23.0328
4182	32.4428	-107.6898	1484	22.8	23.1664
4172	32.4286	-107.6026	1400	-3.6	4.9706
4170	32.4181	-107.5748	1375	-9.5	0.942
4179	32.4433	-107.5249	1371	-8.4	2.9958
3960	32.4249	-107.4833	1349	0.6	12.6851
3964	32.4483	-107.4466	1389	7.1	14.2738
3959	32.4183	-107.3349	1401	-0.1	2.1167
3963	32.4383	-107.2233	1522	11	-3.2151
3962	32.4499	-107.2083	1560	15	-3.9895
3961	32.4356	-107.0874	1454	16.2	5.4908
3832	32.4449	-106.9749	1320	-3	-1.3007
3831	32.4483	-106.9499	1273	-7.6	0.4128
3830	32.4449	-106.8966	1203	-14	2.5506
3819	32.4316	-106.8733	1201	-18.9	-1.4065
3817	32.4233	-106.8199	1264	-15.5	-1.0577
3827	32.4383	-106.7883	1401	6.1	8.429
3826	32.4466	-106.7599	1377	4.9	12.3391
3814	32.4224	-106.7266	1318	-17.1	-1.6418
3813	32.4316	-106.7033	1330	-26.1	-10.8004
3812	32.4316	-106.6749	1356	-26.9	-13.2344
3811	32.4233	-106.6049	1522	13.1	11.6866
3810	32.4249	-106.5668	1742	34.7	10.9371
3822	32.4349	-106.5399	1580	17.1	11.7186
3575	32.4381	-106.4851	1372	-3.4	15.395
3568	32.4284	-106.4714	1297	-18.6	8.584
3566	32.4308	-106.4348	1208	-43.4	-6.186
3564	32.4308	-106.4036	1201	-46	-8.7554
3562	32.4309	-106.3679	1211	-42.4	-8.9009
3559	32.4311	-106.3249	1226	-35.3	-7.0034
3558	32.4314	-106.3078	1225	-34.7	-7.82
3572	32.4499	-106.1199	1300	3.2	12.6804
3571	32.4416	-106.1066	1364	11	12.8198
3569	32.4416	-106.0699	1297	2.3	9.9168
3363	32.4195	-105.8317	1530	14.3	-3.8608
3364	32.439	-105.7983	1481	12.9	1.4462
3362	32.4263	-105.65	1484	12.3	-2.8751
3361	32.4272	-105.6117	1481	10.8	-4.3441
3203	32.4341	-105.3383	1521	22.9	-7.8694
3202	32.4466	-105.2899	1584	29.7	-7.8634
4167	32.4016	-107.8016	1436	-4.9	-4.2971
