         1   36.175524    44.013083     409.9   -0.6700  -15.1091
         2   36.246362    43.766045     380.6   -0.5800  -15.4609
         3   35.640519    44.298165     338.8   -1.1200  -10.7385
         4   35.877925    44.081415     335.0   -1.0200  -12.8307
         5   36.072374    44.581434     638.6   -0.7300  -14.3321
         6   36.256079    44.288632     799.8   -0.6100  -15.8064
         7   32.219699    44.707699      22.7   -0.5900    5.3738
         8   32.152919    44.741189      22.0   -0.5600    5.5408
         9   32.193681    44.307829      25.3   -0.4600    3.7465
        10   32.570422    43.873726      65.5   -0.4500    1.4634
        11   32.538157    44.101674      27.3   -0.4600    2.5212
        12   32.526040    46.402797      14.3   -2.3500    6.6579
        13   32.714574    45.342555      22.2   -0.5800    6.8297
        14   31.822257    46.095831      10.5   -0.6100   10.4732
        15   31.148567    45.667488       7.5   -0.6300    9.2207
        16   30.787741    46.375961       8.6    3.1900   15.6996
        17   31.280218    46.232720       6.8   -0.6100   11.5857
        18   32.156312    46.729076       9.2   -0.6500   10.4372
        19   31.566331    47.249392       5.8   -0.7100   15.0405
        20   32.156312    46.729076       9.2   -0.6500   10.4372
        21   31.566331    47.249392       5.8   -0.7100   15.0405
        22   30.584813    47.324416       5.4   -0.6700   14.6078
        23   31.086705    47.424662       3.0   -0.9100   15.4404
        24   30.425025    48.026184       1.9   -0.8900   15.4205
        25   36.848616    42.915618     486.8   -0.7900  -18.0584
        26   35.478971    44.601704     722.1   -1.0100   -9.4399
        27   35.501176    44.788273     872.5   -0.7600   -9.5506
        28   35.643457    45.030432     867.5    0.2600   -9.8759
        29   35.106840    45.687624     513.8   -0.1700   -7.9100
        30   35.192454    45.683115     696.0   -0.2000   -8.4784
        31   35.474118    45.480739     684.6   -0.4600  -10.2038
        32   35.969562    44.901689     640.1   -0.5400  -13.2770
        33   36.111654    44.739977     650.3   -0.6700  -14.7368
