     1  35.1208   69.2325 1604.30  -29.522   -0.438
     2  35.1277   69.2426 1647.90  -29.445   -0.455
     3  35.1477   69.2870 1588.80  -28.826   -0.414
     4  35.1795   69.2907 1644.10  -28.599   -0.401
     5  35.2084   69.3050 1688.40  -28.486   -0.394
     6  35.2306   69.3460 1732.30  -28.481   -0.409
     7  35.2312   69.3700 1765.80  -28.498   -0.452
     8  35.2395   69.4010 1800.60  -28.507   -0.503
     9  35.2496   69.4358 1794.30  -28.536   -0.524
    10  35.2604   69.4638 1914.60  -28.262   -0.578
    11  35.2888   69.4862 1890.00  -28.102   -0.558
    12  35.2941   69.5031 1978.80  -28.028   -0.592
    13  35.3040   69.5030 1922.40  -27.982   -0.558
    14  35.3256   69.5353 1961.20  -27.901   -0.559
    15  35.3420   69.5554 1980.50  -27.792   -0.558
    16  35.3527   69.5892 2011.20  -27.726   -0.594
    17  35.3617   69.6094 2026.20  -26.703   -0.607
    18  35.3644   69.6241 2024.50  -27.718   -0.612
    19  35.3909   69.6782 2082.20  -27.515   -0.625
    20  35.4012   69.7013 2127.50  -27.420   -0.650
    21  35.4190   69.7051 2144.60  -27.359   -0.661
    22  35.4266   69.7338 2165.80  -27.169   -0.711
    23  35.4370   69.7419 2172.20  -27.115   -0.725
    24  35.4543   69.7600 2194.70  -27.045   -0.745
    25  35.4697   69.7847 2218.80  -26.965   -0.755
    26  35.4746   69.7967 2238.80  -26.900   -0.760
    27  35.4971   69.8319 2290.80  -26.983   -0.697
    28  35.5071   69.8502 2322.60  -26.958   -0.662
    29  35.5122   69.8589 2375.50  -26.994   -0.666
    30  35.5137   69.8607 2473.50  -27.098   -0.712
    31  35.5181   69.8630 2569.60  -27.157   -0.753
    32  35.5290   69.8718 2422.90  -27.028   -0.652
    33  35.5410   69.8802 2353.70  -26.922   -0.608
    34  35.5631   69.8873 2390.30  -26.829   -0.641
    35  35.5698   69.9060 2420.70  -26.601   -0.689
    36  35.5857   69.9191 2437.10  -32.202   -0.738
    37  35.5896   69.9415 2484.10  -26.378   -0.782
    38  35.6039   69.9667 2518.10  -35.964   -0.806
    39  35.6185   69.9996 2568.00  -35.811   -0.779
    40  35.6269   70.0207 2618.90  -35.814   -0.756
    41  35.6461   70.0484 2724.80  -31.706   -0.754
    42  35.6597   70.0574 2764.80  -31.605   -0.765
    43  35.6723   70.0736 2756.00  -31.426   -0.754
    44  35.6930   70.0892 2879.60  -31.352   -0.828
    45  35.7093   70.1272 2982.40  -31.109   -0.891
    46  35.7251   70.1485 3074.50  -30.984   -0.906
    47  35.7413   70.1687 3256.90  -31.149   -0.941
    48  35.7452   70.1729 3329.80  -41.174   -0.966
    49  35.7651   70.1860 3488.90  -31.065   -0.975
    50  34.1284   71.0856  706.40  -41.712   -0.118
    51  34.1999   71.0481  479.20  -41.937   -0.093
    52  34.2356   70.9421  441.00  -41.513   -0.097
    53  34.2541   70.7954  509.40  -40.924   -0.116
    54  34.2699   70.7421  536.00  -40.672   -0.118
    55  34.3010   70.6627  600.70  -40.393   -0.127
    56  34.3269   70.5859  618.20  -40.225   -0.135
    57  34.3716   70.5641  542.60  -40.250   -0.130
    58  34.3938   70.5194  553.30  -40.111   -0.139
    59  34.4098   70.4917  560.00  -40.009   -0.141
    60  34.4280   70.4608  568.80  -39.929   -0.141
    61  34.4340   70.4515  569.70  -39.870   -0.140
    62  34.4402   70.4302  571.50  -39.822   -0.138
    63  34.4595   70.3720  587.20  -39.500   -0.140
    64  34.4946   70.3529  613.90  -39.400   -0.160
    65  34.4986   70.2384  642.10  -38.948   -0.162
    66  34.5035   70.2119  661.00  -38.747   -0.163
    67  34.4961   70.1288  713.00  -38.195   -0.175
    68  34.4901   70.0729  681.40  -37.440   -0.170
    69  34.5185   69.9827  717.20  -36.740   -0.190
    70  34.4987   69.8861  773.10  -36.063   -0.167
    71  34.4977   69.8373  835.40  -35.439   -0.191
    72  34.5484   69.8084  896.60  -35.377   -0.223
    73  34.5863   69.7751  967.90  -35.243   -0.237
    74  34.6059   69.7178 1002.10  -34.759   -0.271
    75  34.5730   69.5908 1153.00  -33.331   -0.299
    76  34.5629   69.5333 1280.80  -32.732   -0.258
    77  34.5672   69.4466 1732.10  -31.251   -0.379
    78  34.5585   69.3695 1775.10  -30.678   -0.432
    79  34.5441   69.3271 1779.70  -30.290   -0.420
    80  34.5446   69.2370 1787.10  -29.810   -0.380
    81  35.6027   68.6938  849.40  -32.873   -0.197
    82  35.5942   68.6125  887.20  -32.452   -0.208
    83  35.5977   68.5195  938.20  -31.981   -0.229
    84  35.5869   68.4826  958.60  -31.599   -0.231
    85  35.5760   68.4376  978.10  -31.165   -0.215
    86  35.5393   68.3612 1057.40  -30.451   -0.219
    87  35.5089   68.3354 1071.80  -30.220   -0.240
    88  35.4531   68.2751 1149.90  -29.592   -0.298
    89  35.4268   68.2485 1165.00  -29.389   -0.301
    90  35.3667   68.1918 1291.60  -28.891   -0.319
    91  35.3186   68.1332 1387.40  -28.455   -0.315
    92  35.3007   68.1047 1366.40  -28.305   -0.285
    93  35.2767   68.0340 1433.40  -27.953   -0.307
    94  35.2294   67.9693 1515.90  -27.511   -0.379
    95  35.1863   67.9827 1639.40  -27.237   -0.373
    96  35.1193   68.0160 1980.90  -26.611   -0.389
    97  35.0811   68.0197 2099.80  -26.198   -0.462
    98  35.0103   68.0186 2167.60  -25.741   -0.539
    99  34.9806   68.0074 2192.00  -25.441   -0.529
   100  34.9131   68.0277 2288.90  -25.095   -0.555
   101  34.1440   71.0736  647.40  -41.836   -0.114
   102  34.2348   70.9690  442.70  -41.654   -0.096
   103  34.3138   70.6227  634.10  -40.333   -0.137
   104  34.3817   70.5466  547.70  -40.185   -0.135
   105  34.4177   70.4748  564.30  -39.999   -0.141
   106  34.4376   70.4400  570.80  -39.841   -0.139
   107  34.5079   70.1670  651.30  -38.464   -0.156
   108  34.5072   70.0345  699.80  -37.159   -0.191
   109  34.5354   69.8276  876.90  -35.520   -0.220
   110  34.5933   69.7546  982.40  -35.083   -0.247
   111  34.5706   69.4022 1773.00  -30.937   -0.413
   112  34.5432   69.2908 1781.50  -30.024   -0.396
   113  35.1564   69.2896 1596.00  -28.714   -0.406
   114  35.1964   69.2885 1668.10  -28.465   -0.395
   115  35.2233   69.3239 1700.70  -28.462   -0.388
   116  35.2465   69.4114 1780.10  -28.378   -0.502
   117  35.2525   69.4500 1838.60  -28.326   -0.544
   118  35.2727   69.4767 1880.70  -28.200   -0.560
   119  35.3117   69.5147 1957.50  -27.923   -0.567
   120  35.4248   69.7273 2157.50  -27.282   -0.698
   121  35.4449   69.7508 2193.60  -27.086   -0.744
   122  35.4851   69.8146 2260.80  -26.944   -0.736
   123  35.6115   69.9884 2550.70  -36.007   -0.793
   124  35.7014   70.1039 2928.10  -31.227   -0.863
   125  35.7395   70.1660 3194.30  -30.976   -0.914
   126  35.7564   70.1804 3400.30  -31.070   -0.960
   127  35.6033   68.6566  854.90  -32.762   -0.198
   128  35.6024   68.5659  922.30  -32.259   -0.221
   129  35.5546   68.3974 1008.40  -30.712   -0.208
   130  35.4834   68.3065 1131.80  -29.931   -0.279
   131  35.3903   68.2233 1262.30  -29.085   -0.325
   132  35.3529   68.1529 1291.20  -28.679   -0.301
   133  35.2885   68.0638 1400.60  -28.062   -0.288
   134  35.2594   67.9955 1463.20  -27.777   -0.343
   135  35.1571   68.0091 1809.50  -26.938   -0.362
   136  35.0444   68.0275 2150.40  -25.946   -0.524
   137  34.9440   68.0124 2236.90  -25.247   -0.513
